0.0029449463
-0.0205383301
-0.0605926514
-0.0633239746
0.0136566162
0.0056610107
0.0401611328
-0.0626068115
-0.0113525391
-0.0791168213
0.0137481689
-0.0268402100
0.0091247559
-0.0573120117
-0.0119628906
-0.0139312744
-0.0316925049
0.0045318604
-0.0348968506
-0.0114746094
-0.0938720703
-0.0061645508
-0.0394744873
-0.0026855469
-0.0643463135
-0.0054016113
-0.0827026367
-0.0394134521
-0.0570220947
-0.0090789795
-0.0265045166
-0.0416564941
-0.0020446777
-0.0610351562
0.0028686523
-0.0353698730
0.0250396729
-0.0662078857
0.0257110596
-0.0216369629
0.0182952881
-0.0778808594
-0.0301666260
-0.0514678955
0.0175170898
-0.0175781250
-0.0412902832
-0.0421752930
-0.0893554688
-0.0054473877
-0.0401306152
-0.0051574707
-0.0464324951
-0.0383758545
-0.0664672852
0.0027008057
-0.0576019287
0.0002441406
-0.0549774170
-0.0072326660
-0.0493621826
-0.0066070557
-0.0735626221
-0.0944519043
-0.0320739746
0.0169525146
-0.0152740479
-0.0621337891
-0.0639343262
-0.0335540771
0.0087738037
-0.0433959961
-0.0428466797
-0.0569763184
0.0301666260
-0.0397949219
0.0437011719
-0.0476379395
-0.0112457275
-0.0750579834
0.0080413818
-0.0363922119
0.0204467773
-0.0535125732
0.0225219727
-0.0566101074
0.0283966064
-0.0065612793
-0.0167083740
-0.0498046875
-0.0198211670
-0.0003204346
-0.0003967285
-0.0335693359
-0.0550689697
-0.0259399414
-0.0454254150
0.0085144043
0.0094909668
0.1083221436
-0.0375823975
-0.0192718506
-0.0653533936
0.0397491455
-0.0019073486
-0.0327911377
-0.0743408203
0.0071868896
-0.0428009033
0.0135650635
-0.0563812256
-0.0105133057
-0.0803375244
0.0012054443
-0.0622711182
-0.0231628418
-0.0454406738
-0.0068206787
-0.0645141602
0.0112304688
-0.0391235352
-0.0081024170
-0.0608825684
0.0297088623
-0.0090637207
0.0031280518
-0.0789489746
0.0295257568
-0.0099945068
0.0212249756
0.0107727051
0.0647735596
-0.0657958984
-0.0121917725
-0.0488739014
0.0133361816
-0.0123291016
0.0043334961
-0.0551757812
0.0083160400
-0.0245208740
0.0321502686
0.0066680908
0.0134887695
-0.0553131104
-0.0025787354
0.0274047852
0.0798492432
-0.0552673340
0.0360107422
-0.0389556885
0.0125122070
-0.0165405273
0.0383758545
-0.0075683594
0.0299224854
-0.0690155029
-0.0104064941
-0.0278015137
0.0595397949
0.0045623779
0.0168762207
-0.0592346191
-0.0131530762
-0.0163574219
0.0303649902
0.0084075928
0.0197601318
0.0418548584
0.0626983643
0.0585632324
0.0521545410
0.0005187988
0.0571441650
0.0301666260
-0.0193939209
-0.0328063965
0.0011596680
-0.0019073486
-0.0274353027
-0.0224609375
-0.0732116699
-0.0093536377
-0.0531158447
0.0229187012
-0.0526428223
0.0187530518
-0.0883178711
-0.0589599609
-0.0511932373
0.0573730469
-0.0243682861
0.0256042480
-0.0782623291
-0.0158233643
-0.0495300293
0.0622558594
-0.0018463135
-0.0168457031
-0.0398101807
-0.0058898926
-0.0078277588
-0.0139617920
-0.0354461670
0.0008850098
-0.0391845703
-0.0317230225
0.0124053955
0.0203704834
0.0084533691
-0.0138397217
0.0090026855
-0.0216674805
0.0009613037
0.0446472168
0.0788421631
-0.0209655762
0.0563812256
-0.0623931885
0.0532989502
0.0175018311
0.0807952881
-0.0402984619
0.0234680176
-0.0454254150
0.0547332764
-0.0025024414
0.0956115723
-0.0188140869
0.0131225586
0.0128631592
0.0168457031
-0.0129394531
0.0601501465
0.0439605713
0.0015563965
0.0210266113
0.0592803955
0.0639801025
0.0244140625
0.0386047363
-0.0040893555
0.0389709473
-0.0018310547
0.0687103271
0.0391998291
0.0638427734
-0.0303649902
0.0420379639
-0.0393371582
0.0607452393
0.0581970215
0.0742034912
-0.0377807617
0.0060424805
0.0350036621
0.0487823486
0.0399627686
0.0288543701
0.0003662109
-0.0088958740
0.1022796631
0.0124664307
0.0342712402
0.0070190430
0.0382843018
0.0089874268
0.0608215332
0.0001373291
0.0076904297
-0.0530090332
0.0455169678
0.0287322998
0.0397796631
0.0266418457
0.0007629395
0.0489654541
-0.0208435059
0.0765991211
0.0088043213
0.0298156738
-0.0362854004
0.0552520752
0.0203552246
0.1015625000
-0.0112762451
0.0421142578
-0.0375213623
0.0543823242
0.0260467529
0.0434265137
-0.0041198730
0.0152130127
-0.0042114258
0.0097503662
0.0517120361
-0.0006713867
0.0370941162
-0.0622558594
-0.0148315430
0.0152435303
0.0800781250
0.0213470459
0.0346374512
-0.0822906494
0.0313415527
0.0300598145
0.0314483643
-0.0375061035
-0.0211791992
-0.0205841064
-0.0133666992
-0.0021209717
0.0135650635
0.0234222412
-0.0101013184
0.0159149170
-0.0648193359
0.0200805664
0.0359344482
0.0888977051
-0.0135650635
0.0148010254
-0.0089569092
0.0658416748
0.0468444824
0.0950927734
0.0436401367
0.0736389160
0.0229339600
0.0745849609
0.0765380859
0.0525970459
0.0829925537
0.0255126953
0.0585784912
-0.0018157959
0.0716705322
0.0086364746
0.0462799072
0.0073089600
0.0353546143
-0.0472717285
0.0123901367
0.0201873779
0.0401916504
-0.0111236572
-0.0244750977
0.0019683838
-0.0101776123
0.0539855957
-0.0486145020
0.0259246826
-0.0507202148
0.0075378418
-0.0022735596
0.0502929688
-0.0081481934
0.0010528564
-0.0224151611
0.0045928955
0.0254821777
0.0264282227
0.0585479736
0.0194396973
0.0279998779
-0.0348205566
0.0796966553
0.0459289551
0.1009979248
0.0232543945
-0.0005035400
-0.0218048096
0.0042419434
0.0483245850
-0.0113677979
0.0033416748
-0.0475616455
0.0211181641
-0.0645599365
0.0068054199
-0.0419464111
-0.0160522461
-0.0845642090
-0.0010833740
0.0127105713
-0.0093078613
-0.0386199951
-0.0919189453
-0.0173797607
-0.0173645020
0.0593566895
-0.0188751221
0.0290222168
-0.0434417725
0.0111389160
0.0185699463
0.0293731689
0.0362854004
-0.0068206787
-0.0105590820
-0.0412902832
0.0333404541
-0.0024566650
0.0540771484
-0.0177612305
0.0309753418
0.0138092041
-0.0163116455
-0.0124206543
-0.0324859619
-0.0007171631
-0.0335235596
0.0534515381
-0.0098114014
0.0054168701
-0.0466766357
-0.0025787354
-0.0176696777
-0.0141448975
-0.0009765625
-0.0117797852
0.0055084229
-0.0569915771
0.0380249023
-0.0249786377
0.0196075439
-0.0003662109
0.0133056641
0.0121612549
-0.0235900879
0.0106964111
0.0141296387
0.0573883057
-0.0124969482
0.0279083252
-0.0380249023
0.0091857910
0.0051116943
0.0211334229
0.0210113525
-0.0253143311
0.0135040283
-0.0077209473
0.0304870605
-0.0336151123
0.0370941162
0.0070953369
0.0094757080
0.0013122559
0.0255737305
0.0399932861
-0.0018157959
0.0537719727
0.0046997070
0.0260314941
-0.0152435303
0.0397796631
0.0151824951
0.0167694092
0.0125274658
-0.0038604736
0.0547637939
-0.0020294189
0.0303955078
-0.0223999023
0.0209045410
0.0211029053
0.0216064453
0.0264892578
-0.0254211426
0.0204772949
0.0139770508
0.0454864502
-0.0054473877
-0.0026855469
-0.0079345703
0.0166320801
0.0283966064
-0.0431671143
0.0399169922
-0.0368957520
0.0295562744
-0.0178985596
0.0023193359
0.0005035400
0.0000915527
0.0109558105
-0.0326995850
0.0319213867
-0.0125732422
0.0179748535
-0.0110778809
-0.0198669434
0.0032348633
-0.0148925781
0.0269165039
-0.0192565918
0.0334777832
-0.0285034180
-0.0069885254
0.0221862793
0.0096435547
-0.0220184326
-0.0372772217
0.0229492188
0.0315246582
0.0179443359
-0.0181274414
-0.0209808350
0.0264587402
0.0009155273
0.0177154541
-0.0078125000
0.0056304932
-0.0322723389
0.0044403076
0.0091400146
0.0111389160
0.0115356445
-0.0628814697
0.0144653320
0.0032806396
0.0214691162
-0.0268402100
-0.0368499756
-0.0037994385
-0.0121307373
0.0108795166
-0.0234832764
0.0071105957
-0.0408630371
-0.0266418457
0.0285339355
-0.0027618408
0.0164031982
-0.0651092529
-0.0418853760
-0.0355377197
0.0148468018
0.0213928223
-0.0209045410
-0.0024719238
-0.0610504150
-0.0099792480
0.0033721924
-0.0117950439
-0.0186157227
-0.0505676270
-0.0118255615
-0.0087585449
0.0313415527
-0.0220336914
-0.0326385498
-0.0386657715
-0.0165405273
0.0354614258
-0.0211486816
-0.0234222412
-0.0310668945
-0.0305480957
0.0227203369
-0.0368194580
-0.0000915527
-0.0458221436
-0.0341033936
-0.0144653320
-0.0160522461
0.0358734131
-0.0625610352
-0.0223388672
-0.0475311279
-0.0231018066
0.0140991211
0.0043945312
-0.0302581787
-0.0469360352
-0.0020141602
0.0198364258
0.0048828125
-0.0193176270
-0.0461425781
-0.0458374023
-0.0085906982
0.0365447998
0.0254058838
-0.0181121826
-0.0458374023
-0.0486755371
-0.0031890869
0.0231781006
-0.0284881592
-0.0150299072
-0.0402374268
-0.0217437744
0.0191497803
-0.0074310303
-0.0242156982
-0.0212097168
0.0048980713
-0.0060272217
0.0040893555
-0.0160369873
-0.0249786377
0.0234375000
-0.0195922852
-0.0318603516
-0.0314483643
-0.0472717285
0.0049591064
0.0133666992
0.0437011719
0.0076446533
-0.0346374512
-0.0290679932
-0.0075988770
0.0118255615
0.0052642822
-0.0165100098
-0.0494384766
-0.0088653564
0.0298461914
-0.0179748535
-0.0139312744
-0.0357360840
-0.0107116699
-0.0239257812
0.0089569092
-0.0183868408
-0.0055999756
-0.0278930664
-0.0124511719
-0.0118560791
0.0058746338
0.0169525146
-0.0086059570
0.0266876221
0.0070343018
-0.0189666748
-0.0072479248
-0.0169830322
-0.0184783936
0.0107116699
0.0251312256
0.0141601562
-0.0058441162
-0.0065307617
-0.0066986084
-0.0165710449
-0.0380554199
-0.0372009277
0.0400390625
-0.0027923584
-0.0097503662
-0.0144348145
-0.0074768066
-0.0014038086
-0.0169830322
-0.0414276123
0.0091247559
-0.0105285645
-0.0316467285
-0.0204315186
-0.0245208740
-0.0044097900
0.0030975342
-0.0081481934
-0.0362854004
-0.0328063965
0.0303192139
0.0355682373
-0.0277252197
-0.0369720459
-0.0339355469
0.0008544922
-0.0060119629
-0.0099792480
0.0119018555
0.0119018555
-0.0505218506
-0.0290374756
0.0173950195
0.0160369873
-0.0058593750
-0.0589752197
-0.0127258301
-0.0038299561
0.0253906250
0.0385131836
-0.0238189697
0.0100860596
-0.0247039795
0.0003204346
0.0044097900
-0.0215606689
-0.0249176025
0.0051879883
-0.0296630859
0.0095977783
-0.0001831055
-0.0054168701
-0.0287780762
-0.0216522217
0.0306396484
0.0007934570
-0.0142211914
0.0068511963
-0.0110778809
-0.0135192871
-0.0088195801
-0.0252227783
0.0330047607
0.0382537842
-0.0152587891
-0.0149078369
-0.0363769531
0.0091857910
0.0139465332
0.0165405273
0.0420532227
-0.0031280518
-0.0262603760
0.0274505615
0.0048217773
0.0096282959
0.0213928223
0.0126037598
-0.0111083984
0.0167999268
0.0239105225
0.0315704346
-0.0165863037
0.0304412842
-0.0033569336
0.0026245117
0.0487213135
0.0319976807
0.0189361572
0.0443115234
-0.0024108887
0.0292968750
0.0299072266
0.0330963135
0.0772857666
0.0454711914
0.0061645508
-0.0023803711
0.0311431885
0.0654754639
0.0528717041
0.0322875977
0.0535583496
0.0254211426
0.0353088379
0.0449981689
0.0260620117
0.0368804932
0.0120544434
0.0294647217
0.0261383057
0.0124969482
0.0326538086
0.0155029297
0.0507659912
0.0462646484
0.0472106934
-0.0226440430
0.0244903564
0.0621185303
0.0520324707
0.0221252441
-0.0154571533
0.0810241699
0.0742187500
0.0555877686
0.0311431885
0.0114898682
0.0507659912
0.0756225586
0.0406799316
0.0308380127
0.0471649170
0.0317077637
0.0700988770
0.0435943604
0.0537567139
0.0369110107
0.0558929443
0.0318145752
0.0565490723
0.0501556396
0.0662231445
-0.0069427490
0.0439300537
0.0648956299
0.0473785400
0.0335693359
0.0389556885
0.0449218750
0.0443878174
0.0424652100
0.0421600342
0.0669555664
0.0406494141
0.0411224365
0.0479583740
0.0065307617
0.0650177002
0.0234985352
0.0634613037
0.0610198975
0.0297698975
0.0402679443
0.0518035889
0.0201110840
0.0500488281
0.0733795166
0.0077362061
0.0086822510
0.0467224121
0.0690002441
0.0641784668
0.0402069092
0.0279541016
0.0124053955
0.0380096436
0.0804443359
0.0421600342
0.0408935547
0.0454559326
0.0114135742
0.0783538818
0.0657806396
0.0821838379
0.0503997803
0.0117492676
0.0286102295
0.0625000000
0.0793304443
0.0633087158
0.0101470947
0.0345001221
0.0730285645
0.0581512451
0.0532989502
0.0505218506
0.0470886230
0.0439453125
0.0369110107
0.0478210449
0.0533294678
0.0387573242
0.0287322998
0.0478210449
0.0218200684
0.0403900146
0.0280761719
0.0382843018
0.0442199707
0.0080718994
-0.0234375000
0.0233154297
0.0561065674
0.1713409424
0.2062988281
0.0587310791
-0.0620880127
-0.1053009033
-0.0435791016
0.0360870361
0.0664672852
0.0767364502
0.0801086426
0.0338134766
0.0372619629
0.0290985107
0.0560302734
-0.0076141357
0.0244903564
-0.0280914307
-0.0305786133
-0.0131988525
0.0016937256
0.0056304932
0.0094909668
0.0246124268
0.0351867676
0.0000152588
-0.0004272461
0.1435699463
-0.0614776611
-0.1830596924
-0.1160125732
-0.0335083008
0.1343536377
0.1653442383
0.1072235107
0.0672912598
-0.0641632080
-0.0293731689
0.0805511475
0.0430297852
-0.0388488770
-0.0244903564
-0.1070404053
-0.0715332031
0.0756072998
0.1478729248
0.0452270508
0.0402984619
-0.0012512207
-0.0223083496
0.0842132568
0.1179199219
0.0610961914
-0.0311737061
-0.0111236572
-0.0070037842
0.0402679443
0.0433807373
0.0545959473
-0.0014953613
-0.0194396973
-0.0046691895
-0.0050811768
0.0187377930
-0.0349884033
-0.0547943115
-0.0319824219
-0.0214385986
-0.0249633789
0.0168304443
0.0350341797
-0.0216674805
-0.0105133057
0.0513610840
0.0269165039
0.0280456543
0.0514678955
0.0231170654
0.0100860596
0.0067443848
-0.0123138428
0.0411529541
0.0102081299
-0.0322875977
-0.0541992188
-0.0068969727
0.0204010010
-0.0018157959
-0.0119781494
-0.0112762451
-0.0566406250
-0.0219573975
0.0055084229
-0.0218048096
-0.0157775879
-0.0249023438
-0.0133514404
0.0313568115
0.0282440186
-0.0356597900
-0.0424804688
0.0091552734
0.1064453125
0.0656738281
-0.0979003906
-0.0624542236
0.0190277100
0.1208038330
0.1584472656
0.0617370605
0.0240173340
-0.0045471191
-0.0286560059
0.0380706787
0.1404724121
0.0957794189
0.0795593262
0.0896759033
0.0724487305
0.0526885986
0.1089019775
0.1115417480
0.1489715576
0.1164398193
0.0616912842
0.1088562012
0.1882934570
0.2129974365
0.0869140625
-0.2136840820
0.0459442139
0.3379058838
0.2222442627
0.0740203857
-0.1280822754
-0.0977172852
0.0677795410
0.1532897949
0.1256713867
0.0621490479
-0.1160125732
-0.0477447510
0.0544891357
0.1236419678
0.0889587402
0.0549011230
0.0358581543
-0.0498199463
-0.0218963623
0.0762481689
0.1678466797
0.1615447998
0.0560150146
-0.0443878174
-0.1250152588
-0.1404571533
0.0707244873
0.2971191406
0.2364501953
0.0025329590
-0.1436004639
-0.0311279297
0.1710052490
0.1411132812
0.1033172607
0.0364685059
0.0125122070
0.0595092773
0.1167907715
0.1026153564
0.0933074951
0.0349426270
0.0263366699
0.0404968262
0.1322479248
0.1222381592
0.0634155273
0.0083007812
-0.0211791992
0.0089721680
0.1177368164
0.3768920898
0.4909973145
0.1475524902
-0.2749633789
-0.1194610596
0.1391296387
0.3724517822
0.2167053223
0.0112457275
-0.1715087891
-0.0541839600
0.2202148438
0.1676330566
0.1364898682
-0.0236816406
-0.0756225586
0.0377502441
0.1297912598
0.0844573975
0.1408386230
0.0687408447
-0.0389404297
0.0252380371
0.1444396973
0.1601562500
0.1219787598
0.0523986816
0.0094604492
0.1398010254
0.1648254395
0.1705474854
0.0714416504
0.0574340820
0.0931701660
0.1545410156
0.1793518066
0.1446533203
0.0548706055
0.0340270996
0.1212158203
0.1548309326
0.1135406494
0.0960083008
0.0552673340
0.0812683105
0.1025085449
0.1308593750
0.1125793457
0.0623474121
0.0675811768
0.0841217041
0.1233062744
0.1160430908
0.0772705078
0.0819244385
0.0498962402
0.0482635498
0.0943145752
0.1393890381
0.0859069824
0.0737304688
0.0696563721
0.0699920654
0.0985717773
0.1381378174
0.1094512939
0.0627136230
0.0472259521
0.0716857910
0.0967559814
0.1027984619
0.0964050293
0.0510406494
0.0621490479
0.1143341064
0.1023559570
0.0816955566
0.0702667236
0.0628967285
0.0486145020
0.0859527588
0.0719146729
0.0714874268
0.0730743408
0.0314636230
-0.0153656006
0.0454254150
0.0587615967
0.0957946777
0.0970764160
0.0632476807
0.0180511475
0.0097045898
-0.0129699707
0.0268859863
0.0420989990
0.0557556152
0.0280761719
0.0464782715
0.0572509766
0.0415344238
0.0339660645
0.0187377930
0.0180816650
0.0230712891
0.0284423828
-0.0262451172
0.0159301758
0.0142822266
0.0369873047
0.0137939453
0.0031127930
0.0387878418
0.0053710938
0.0346984863
0.0486907959
-0.0207977295
-0.0025939941
0.0243377686
0.0280914307
0.0274047852
0.0718841553
-0.0042572021
-0.0103759766
0.0212707520
0.0467834473
0.0468597412
0.0133514404
0.0069732666
-0.0064544678
0.0006256104
0.0423736572
0.0031127930
0.0099945068
0.0071563721
-0.0012207031
0.0191650391
0.0106506348
0.0327453613
-0.0124206543
-0.0236968994
-0.0072784424
0.0261840820
0.0360107422
0.0059204102
-0.0289154053
-0.0341491699
-0.0014801025
0.0111236572
-0.0086212158
0.0152282715
-0.0395965576
0.0043640137
-0.0319519043
-0.0049438477
-0.0049285889
0.0267639160
0.0001678467
-0.0252685547
-0.0338287354
0.0028686523
-0.0117340088
-0.0088806152
-0.0110168457
0.0013732910
-0.0416107178
0.0018920898
0.0110473633
0.0042724609
-0.0531158447
-0.0266876221
-0.0311279297
0.0152587891
0.0269012451
-0.0222778320
-0.0447845459
-0.0149383545
0.0006866455
0.0033721924
-0.0267333984
-0.0030822754
-0.0335998535
-0.0269775391
-0.0149230957
-0.0446777344
0.0102386475
0.0006561279
-0.0425262451
-0.0721588135
0.0064849854
-0.0321044922
-0.0289611816
-0.0101470947
-0.0133819580
0.0076141357
-0.0037231445
-0.0421447754
-0.0120239258
-0.0285797119
-0.0325622559
-0.0411529541
0.0035095215
-0.0165557861
-0.0536804199
-0.0176391602
-0.0103912354
-0.0203094482
-0.0240325928
-0.0265808105
-0.0277862549
0.0216979980
-0.0209960938
-0.0502624512
-0.0457611084
0.0032196045
-0.0247192383
0.0246734619
0.0099639893
-0.0296173096
-0.0138702393
-0.0174255371
-0.0252227783
-0.0201416016
-0.0330963135
-0.0239868164
-0.0365905762
-0.0249938965
0.0045928955
0.0038146973
-0.0360565186
-0.0389709473
-0.0050201416
-0.0273132324
-0.0370635986
0.0139007568
-0.0478210449
-0.0353698730
-0.0326080322
-0.0374145508
0.0278625488
0.0064086914
-0.0393829346
-0.0619812012
-0.0369720459
-0.0390319824
0.0056152344
-0.0024719238
-0.0068359375
-0.0432128906
-0.0262756348
-0.0431976318
-0.0036773682
0.0029296875
-0.0268707275
-0.0123748779
-0.0270080566
-0.0227661133
0.0047454834
-0.0045471191
-0.0197448730
-0.0490112305
-0.0007324219
0.0087890625
-0.0025939941
0.0152282715
-0.0279998779
-0.0394897461
0.0098419189
-0.0019226074
-0.0001831055
0.0296783447
-0.0403289795
-0.0411682129
-0.0431518555
-0.0012054443
0.0324249268
-0.0259552002
-0.0168609619
-0.0351867676
-0.0156860352
0.0334014893
0.0137329102
-0.0525817871
-0.0274200439
-0.0404968262
-0.0250396729
0.0353851318
0.0149536133
-0.0089569092
-0.0505065918
0.0049285889
0.0152587891
0.0558624268
-0.0058746338
-0.0305938721
-0.0200042725
-0.0046234131
0.0444030762
0.0467529297
0.0134887695
-0.0379180908
-0.0199737549
0.0094146729
0.0231323242
0.0309448242
-0.0405426025
-0.0321655273
-0.0042572021
0.0139923096
0.0172576904
0.0125427246
0.0021057129
-0.0328063965
0.0122833252
0.0163726807
0.0569763184
-0.0186462402
-0.0522155762
-0.0425720215
0.0457763672
0.0191955566
0.0120239258
0.0005035400
-0.0437011719
-0.0240478516
0.0402832031
0.0225372314
-0.0114135742
-0.0102386475
-0.0062408447
0.0121002197
0.0241699219
0.0352325439
0.0133972168
0.0252380371
-0.0087127686
0.0001068115
0.0195922852
0.0280914307
0.0081024170
-0.0184783936
0.0055084229
0.0188140869
0.0191040039
0.0205383301
0.0027465820
-0.0196228027
0.0338745117
0.0276489258
0.0014038086
-0.0004577637
0.0140228271
0.0016326904
-0.0160675049
0.0269317627
0.0240631104
0.0088958740
0.0169219971
-0.0088653564
-0.0105438232
0.0039672852
0.0335235596
-0.0250854492
0.0350799561
0.0066223145
-0.0094299316
0.0189208984
0.0216369629
-0.0118408203
0.0161590576
0.0508422852
-0.0406188965
0.0035400391
0.0677185059
-0.0009002686
-0.0289916992
0.0201263428
0.0302886963
0.0583496094
-0.0026397705
0.0305786133
0.0044860840
-0.0140228271
0.0023651123
0.0227508545
0.0350189209
0.0061492920
0.0054931641
0.0046081543
-0.0103454590
0.0133819580
0.0161437988
-0.0019683838
-0.0201568604
0.0049438477
0.0047760010
0.0410919189
0.0114288330
0.0335083008
0.0127410889
-0.0072174072
-0.0053405762
-0.0075836182
-0.0198364258
0.0216674805
-0.0019073486
0.0433502197
0.0100097656
-0.0319213867
0.0007934570
-0.0019836426
0.0151977539
0.0257110596
0.0238647461
0.0006866455
-0.0081481934
0.0223388672
0.0389709473
-0.0126342773
-0.0177307129
0.0002288818
0.0069274902
0.0199432373
0.0367431641
0.0153961182
-0.0059814453
0.0010070801
0.0493774414
0.0346984863
0.0498504639
0.0053253174
-0.0439758301
0.0020294189
0.0229797363
0.0566711426
0.0196380615
-0.0460662842
-0.0044555664
0.0157775879
0.0158843994
0.0020141602
0.0118408203
-0.0075073242
0.0233612061
0.0222473145
0.0230712891
-0.0086212158
0.0106811523
0.0126342773
0.0004272461
0.0059661865
-0.0222167969
-0.0051879883
0.0093078613
0.0147399902
0.0372772217
0.0261840820
-0.0183258057
0.0052032471
0.0259399414
0.0176391602
0.0238189697
0.0083465576
0.0242156982
-0.0058898926
0.0114135742
0.0098114014
0.0076751709
-0.0041503906
0.0157165527
0.0259704590
-0.0233612061
-0.0075073242
0.0122985840
0.0297698975
0.0359191895
-0.0067596436
0.0071563721
0.0121612549
-0.0048522949
0.0243225098
0.0356903076
0.0070953369
-0.0260772705
0.0099487305
0.0785217285
0.0331420898
0.0246734619
0.0517425537
0.0508117676
0.0439758301
0.0334014893
0.0466918945
0.0519256592
0.0540161133
0.0691223145
0.0916900635
0.0519714355
0.0348968506
0.0363464355
0.0926818848
0.0713806152
0.0936279297
0.0660400391
0.0166778564
0.0467834473
0.0498199463
0.0606994629
0.0496673584
0.0326690674
-0.0059661865
0.0403900146
0.0132904053
0.0044250488
-0.0190582275
0.0062866211
-0.0073089600
0.0072021484
0.0074310303
-0.0029754639
-0.0287322998
0.0152435303
0.0393524170
0.0207824707
0.0045013428
0.0300903320
0.0500030518
0.0513153076
0.0335540771
0.0181121826
0.0413818359
0.0364685059
0.0280914307
0.0682830811
0.0568847656
-0.0162506104
0.0410614014
0.0440216064
0.0383453369
0.0365753174
0.0037689209
0.0202331543
0.0460662842
0.0223388672
0.0365447998
0.0348968506
-0.0030975342
0.0225982666
0.0611724854
0.0213012695
-0.0045623779
0.0024871826
0.0451049805
0.0720062256
0.0716400146
0.0224914551
0.0306091309
0.0497131348
0.0513305664
0.0783386230
0.0986328125
0.0166015625
-0.0166625977
0.0229644775
0.0899505615
0.1030883789
0.0480651855
0.0024871826
0.0222473145
0.0234985352
0.0141143799
0.0549011230
0.0547637939
0.0122833252
0.0521850586
0.0686798096
0.0212860107
0.0195922852
0.0354003906
0.0308227539
0.0520629883
0.0675506592
0.0623321533
0.0281982422
0.0421600342
0.0740051270
0.0550689697
0.0447540283
0.0240020752
0.0666351318
0.0553588867
0.0793151855
0.0430450439
0.0668945312
0.0583648682
0.0273132324
0.0274963379
0.0571746826
0.0132598877
0.0699920654
0.0750274658
0.0529632568
0.0715026855
0.0055999756
0.0181274414
0.0538635254
0.0960083008
0.0533447266
0.0191955566
0.0360717773
0.0460662842
0.0376739502
0.0140686035
0.0440673828
0.0151672363
0.0354919434
0.0481567383
0.0421142578
0.0291290283
0.0176086426
0.0217590332
0.0587768555
0.0718994141
0.0242309570
0.0148010254
-0.0015411377
0.0509033203
0.0515594482
0.0493621826
0.0296020508
-0.0196533203
0.0190734863
0.0463256836
0.0593261719
0.0369873047
0.0218200684
0.0290069580
0.0460968018
0.0404663086
0.0168151855
0.0605621338
0.0305480957
0.0351715088
0.0369873047
0.0476074219
0.0226135254
0.0144653320
0.0144653320
0.0572967529
0.0784606934
0.0427398682
0.0309753418
0.0555114746
0.0486297607
0.0317230225
0.0085449219
0.0527648926
0.0377044678
0.0559539795
-0.0001678467
0.0802307129
0.0684967041
0.0483398438
0.0460968018
0.0418701172
0.0494995117
0.0269317627
0.0431213379
0.0754394531
0.0399169922
0.0356292725
0.0912475586
0.0818786621
-0.0018157959
0.0257110596
-0.0044555664
0.0457305908
0.0637207031
0.0941314697
0.0348968506
-0.0200042725
-0.0273132324
0.0585479736
0.0919799805
0.0471343994
0.0046234131
0.0149078369
0.0133972168
0.1102294922
0.0326995850
-0.0096893311
-0.0284881592
-0.0032196045
0.0466461182
0.0316925049
0.0740203857
0.0169525146
0.0036315918
0.0109558105
0.1056213379
0.0052490234
0.0032043457
-0.0105438232
0.0538024902
0.0723724365
0.0851440430
0.0081481934
0.0197143555
0.0585784912
0.0065002441
0.0712738037
-0.0197906494
0.0083160400
0.0262145996
0.0650634766
0.1028442383
0.0570831299
0.0113677979
0.0021667480
0.0364532471
0.0301513672
0.0429382324
0.0222625732
0.0044708252
0.0111999512
0.0039520264
0.0483551025
0.0527191162
0.0160064697
-0.0173950195
0.0346679688
0.0545196533
0.0487518311
0.0237884521
0.0332641602
0.0450744629
0.0275421143
0.0179443359
0.0545349121
0.0532531738
0.0184020996
0.0135955811
0.0487670898
0.0753326416
0.0282745361
0.0107727051
0.0348663330
0.0560913086
0.0197296143
0.0628662109
0.0267181396
0.0357666016
0.0263519287
0.0285034180
0.0353546143
0.0386657715
0.0213928223
0.0347900391
0.0310058594
0.0559082031
0.0145416260
0.0475463867
0.0788269043
0.0523071289
0.0525207520
-0.0106658936
0.0695800781
0.0692901611
0.0625457764
0.0461730957
0.0350189209
0.0633239746
0.0115051270
0.0549926758
0.0644989014
0.0529785156
0.0211181641
0.0316314697
0.0633087158
0.0414886475
0.0548095703
0.0470123291
0.0299377441
0.0611572266
0.0408935547
-0.0019378662
0.0637054443
0.0696105957
0.0563659668
0.0496673584
0.0434265137
0.0608825684
0.0570373535
0.0477752686
0.0879669189
0.0711669922
0.0490264893
0.0400543213
0.0355682373
0.0446014404
0.0367431641
0.0498504639
0.0910034180
0.0517578125
0.0004272461
0.0780944824
0.0196228027
0.0918579102
0.0357055664
0.0558776855
0.0530700684
0.0656890869
0.0730438232
0.0388946533
0.0479278564
0.0230102539
0.0052490234
0.0458831787
0.0677642822
0.0475921631
0.0511627197
0.0426177979
0.0542144775
0.0853271484
0.0326385498
-0.0136718750
0.0793762207
0.0825042725
0.0399017334
0.0564727783
0.0225677490
0.0367431641
0.0230407715
0.0567169189
0.0386810303
0.0387573242
0.0558624268
0.0332489014
0.0417175293
0.0682067871
0.0423736572
0.0323333740
0.0521240234
0.0664520264
0.0773468018
0.0302886963
0.0215301514
0.0532684326
0.0822753906
0.0834808350
0.0525207520
0.0183868408
0.0562896729
0.0971374512
0.0924377441
0.0615539551
0.0539703369
0.0360107422
0.0631713867
0.0885925293
0.0875396729
0.0924224854
0.0652008057
0.0562438965
0.0703125000
0.0558319092
0.1020202637
0.0823822021
0.2432708740
0.3878479004
0.1574859619
0.0509796143
0.0293273926
0.2564392090
0.3103179932
0.1417999268
0.0640411377
0.0654754639
0.1297607422
0.1109313965
0.0254364014
0.0894165039
0.1322021484
0.1832275391
0.1435699463
0.0924682617
0.1176452637
0.1217956543
0.1200103760
0.1688232422
0.3559112549
-0.0436553955
-0.1714172363
0.0984649658
0.2833557129
0.3680877686
0.1676330566
-0.1216735840
-0.0895385742
0.0836639404
0.2641296387
0.1297454834
0.1075439453
0.1941833496
0.2118225098
0.2178802490
0.1643066406
0.1419525146
0.0522613525
-0.0343170166
-0.0312347412
0.0101776123
-0.0469207764
-0.2538909912
0.0190277100
0.2682342529
0.2275390625
0.0785980225
-0.2094116211
-0.2010345459
-0.0516967773
0.2185211182
0.2596740723
0.2092590332
0.0937042236
0.0345306396
0.1973571777
0.3545379639
0.3659210205
0.1878509521
0.2052307129
0.2440032959
0.3571624756
0.3754882812
0.2713775635
0.1996307373
0.3579254150
0.5209197998
0.1710968018
-0.1257019043
-0.0146789551
0.1484832764
0.2556762695
0.1949615479
0.0124816895
-0.0700531006
-0.0061798096
-0.0182647705
0.0353851318
0.0951385498
0.1121520996
0.0205383301
-0.0919494629
-0.0046844482
-0.0245361328
0.0857238770
0.1036224365
0.0736694336
0.0335540771
0.0671997070
0.1491088867
0.2234344482
0.2092590332
0.1586303711
0.1107940674
0.1521759033
0.1994628906
0.1970672607
0.1969757080
0.1669921875
0.1309814453
0.1550445557
0.1549530029
0.1523742676
0.1042175293
0.1042022705
0.0525512695
0.0729370117
0.1262512207
0.1221923828
0.0602722168
0.0687103271
0.0134887695
0.0169525146
0.0420074463
0.0942382812
0.0935668945
0.0431976318
0.0380096436
0.0468597412
0.1207580566
0.1147155762
0.0665435791
0.0640411377
0.0553894043
0.0767059326
0.0914611816
0.0410003662
-0.0036010742
-0.0098266602
0.0586547852
0.1585388184
0.1533966064
0.1306152344
0.0793151855
-0.0167541504
0.0048980713
0.0041198730
-0.0238647461
-0.0528564453
-0.0238037109
0.0266876221
0.0625610352
0.0911254883
0.0952911377
0.0143737793
0.0212707520
0.0209350586
0.0452117920
0.0103607178
-0.0066986084
-0.0436248779
0.0190429688
0.0413665771
0.0569458008
0.0579528809
0.0153961182
0.0146942139
0.0743865967
0.0343017578
0.0022125244
-0.0154876709
0.0034790039
-0.0302429199
0.0170745850
0.0828704834
0.0364837646
-0.0068511963
-0.0180358887
0.0293121338
0.0301513672
-0.0041656494
-0.0041809082
-0.0414428711
-0.0206604004
-0.0105590820
0.0430755615
-0.0053253174
-0.0228118896
-0.0393981934
0.0149078369
0.0041351318
0.0237884521
-0.0081481934
-0.0265502930
-0.0591735840
-0.0317993164
-0.0270080566
-0.0082702637
-0.0385589600
-0.0067749023
-0.0244140625
-0.0110778809
-0.0230865479
-0.0299377441
-0.0169525146
-0.0200653076
-0.0436096191
-0.0017700195
-0.0783386230
0.0149993896
-0.0024261475
-0.0052185059
-0.0312805176
-0.0322875977
-0.0202941895
-0.0068817139
0.0109710693
-0.0237121582
-0.0392608643
0.0099639893
-0.0045166016
0.0255432129
-0.0111236572
0.0065155029
-0.0326843262
-0.0179901123
-0.0145263672
-0.0065765381
-0.0353546143
-0.0455322266
0.0032958984
0.0090332031
0.0250244141
-0.0625305176
-0.0259704590
-0.0521240234
0.0007171631
-0.0129852295
-0.0161590576
-0.0268249512
-0.0495605469
-0.0088958740
-0.0216827393
-0.0026550293
-0.0561065674
-0.0359497070
0.0042724609
-0.0029907227
0.0049285889
-0.0273132324
0.0135955811
-0.0082397461
-0.0046386719
-0.0004730225
0.0214233398
0.0110473633
-0.0404968262
0.0042114258
0.0277709961
-0.0205688477
-0.0677642822
-0.0026092529
0.0328826904
0.0113220215
-0.0039825439
-0.0340423584
0.0091400146
-0.0111236572
-0.0066223145
0.0025939941
0.0251922607
-0.0216979980
-0.0046997070
-0.0240173340
0.0174713135
0.0270996094
0.0027160645
-0.0200653076
-0.0013885498
0.0173034668
0.0153198242
0.0192413330
0.0142211914
0.0346984863
-0.0089263916
0.0067901611
0.0127258301
0.0173950195
0.0512847900
0.0164184570
0.0020294189
-0.0099029541
0.0106201172
0.0064544678
0.0017700195
0.0286407471
0.0133819580
-0.0072021484
-0.0449218750
-0.0325622559
0.0231933594
0.0456237793
-0.0063781738
-0.0510406494
-0.0236663818
-0.0004882812
-0.0191040039
-0.0057220459
-0.0317230225
-0.0037841797
-0.0274353027
0.0117950439
-0.0056152344
-0.0216369629
0.0066986084
-0.0049438477
0.0005340576
0.0146026611
-0.0104827881
-0.0296478271
-0.0015411377
-0.0003509521
0.0209655762
0.0097503662
-0.0032806396
-0.0058746338
0.0353698730
0.0476837158
-0.0068817139
-0.0074005127
0.0250396729
0.0301666260
0.0214385986
-0.0098724365
-0.0355682373
0.0414581299
-0.0008544922
-0.0049743652
0.0583190918
-0.0175323486
0.0054016113
0.0081329346
0.0082244873
0.0141143799
0.0244445801
0.0041503906
0.0266571045
0.0288696289
-0.0082092285
-0.0095520020
-0.0041351318
0.0180358887
0.0084686279
0.0298309326
-0.0041351318
0.0097351074
0.0248870850
0.0303039551
0.0014953613
0.0103302002
-0.0018463135
0.0600128174
0.0231628418
0.0120086670
0.0167083740
-0.0088348389
0.0352478027
-0.0283203125
0.0211486816
-0.0123748779
0.0266265869
0.0587615967
0.0405120850
-0.0317230225
-0.0422821045
-0.0204925537
0.0427398682
0.1175689697
0.0199279785
-0.0083923340
0.0189819336
0.0584564209
0.0371093750
0.0777435303
0.0791931152
0.0686492920
0.0232543945
0.0776062012
0.1262207031
0.1188049316
0.0908203125
0.1273803711
0.0775756836
0.0778503418
0.1306610107
0.1291503906
0.1933746338
0.1306915283
0.0845184326
0.0694122314
0.1075897217
0.1698303223
0.1369323730
0.1091918945
0.0641784668
0.1645355225
0.2201995850
0.2250213623
0.1237182617
0.0489959717
0.0063934326
0.0357055664
0.1492767334
0.1586761475
0.1478424072
0.1122131348
0.1147155762
0.1555480957
0.1237792969
0.1194763184
0.1000976562
0.1003875732
0.1221008301
0.1098175049
0.1409454346
0.1422271729
0.1709442139
0.1373596191
0.1533050537
0.1418151855
0.1570129395
0.1255035400
0.1543426514
0.1391296387
0.0848693848
0.0740509033
0.1169128418
0.1912689209
0.1535339355
0.1024017334
0.1018676758
0.1147460938
0.1091461182
0.1148223877
0.1023406982
0.0930328369
0.0982513428
0.0895233154
0.1145629883
0.1376037598
0.1329498291
0.0945434570
0.1502685547
0.1505279541
0.1420135498
0.0981750488
0.1085815430
0.1199798584
0.1731109619
0.1152954102
0.1210327148
0.1149902344
0.1404571533
0.1603088379
0.1093292236
0.1103820801
0.0926666260
0.1234588623
0.1375427246
0.1232299805
0.1135253906
0.0781402588
0.1063690186
0.1406250000
0.1297454834
0.1240386963
0.1163635254
0.1362609863
0.1618499756
0.0816040039
0.0932312012
0.1246185303
0.1349029541
0.1394348145
0.1471405029
0.1460266113
0.1374664307
0.1148223877
0.1296234131
0.1429443359
0.1527404785
0.1603698730
0.1085357666
0.1460418701
0.1661376953
0.1299285889
0.1291046143
0.1455993652
0.1093292236
0.1460876465
0.1421051025
0.1157226562
0.1525268555
0.1205596924
0.0690460205
0.1213378906
0.1102600098
0.1344909668
0.1454620361
0.1351928711
0.1149139404
0.0856628418
0.0933532715
0.1519317627
0.1412658691
0.0726623535
0.1101684570
0.1483459473
0.1267089844
0.1056365967
0.1071472168
0.1315460205
0.1412963867
0.1203460693
0.1285705566
0.1542205811
0.1451263428
0.1347503662
0.1130676270
0.1531982422
0.1517486572
0.1277313232
0.1437683105
0.1263580322
0.1435241699
0.1506347656
0.1027069092
0.1062164307
0.1245269775
0.1437835693
0.1239013672
0.1132049561
0.1122741699
0.1335449219
0.1423187256
0.0955047607
0.0906677246
0.1261749268
0.1192626953
0.1133575439
0.1095275879
0.1252899170
0.1186218262
0.1049041748
0.1228790283
0.1544036865
0.1260070801
0.1356811523
0.1044158936
0.1280822754
0.1123352051
0.1421508789
0.1272583008
0.0961303711
0.1167449951
0.1221008301
0.1535949707
0.0901641846
0.0958709717
0.1022796631
0.1387176514
0.1233673096
0.0975799561
0.1191864014
0.1279754639
0.1036376953
0.1122589111
0.1085815430
0.1692504883
0.1190338135
0.1120300293
0.1109466553
0.1361694336
0.1327819824
0.1172027588
0.1065368652
0.0935668945
0.1470489502
0.1654357910
0.1549377441
0.1055297852
0.1040802002
0.1107177734
0.1440124512
0.1376190186
0.1267089844
0.1174316406
0.0940551758
0.1035003662
0.1470184326
0.1452941895
0.1035919189
0.0958251953
0.0943603516
0.1391296387
0.1337585449
0.1593322754
0.1430664062
0.0798645020
0.1080780029
0.1312255859
0.1497802734
0.1368408203
0.1212005615
0.1067504883
0.0691680908
0.1758728027
0.1506347656
0.1007690430
0.0871124268
0.1127777100
0.1596984863
0.1352996826
0.1595153809
0.0879516602
0.1130523682
0.1298980713
0.1395568848
0.1133270264
0.1244812012
0.1011962891
0.1197204590
0.1475372314
0.1162567139
0.1406402588
0.1047363281
0.1293487549
0.1107177734
0.1244049072
0.1488189697
0.1323242188
0.0978088379
0.0837860107
0.1367187500
0.1503906250
0.1398162842
0.1254272461
0.1103973389
0.1259918213
0.1129150391
0.1396636963
0.1286621094
0.0964965820
0.0922393799
0.1317138672
0.1526794434
0.1325073242
0.0997772217
0.1244354248
0.1280364990
0.1150207520
0.1064758301
0.1400909424
0.1150207520
0.1598205566
0.1397399902
0.1440124512
0.1070556641
0.1216125488
0.1297302246
0.1607971191
0.1427307129
0.1512908936
0.1401367188
0.1643829346
0.1510314941
0.1650390625
0.1823120117
0.1811065674
0.1814880371
0.1697998047
0.2094879150
0.1934356689
0.1843414307
0.1809539795
0.1836242676
0.2116851807
0.1708374023
0.1754913330
0.1758422852
0.1870422363
0.1800537109
0.2070465088
0.1809387207
0.1864776611
0.1591491699
0.1834106445
0.1683349609
0.1892547607
0.1867370605
0.2044525146
0.1975860596
0.1830902100
0.1806335449
0.1874389648
0.1895904541
0.1770172119
0.2074127197
0.1853942871
0.2072143555
0.2039794922
0.1782531738
0.2010040283
0.2313842773
0.1759948730
0.1673736572
0.2043609619
0.2007904053
0.1927032471
0.2196807861
0.1963195801
0.1916961670
0.1827392578
0.2067260742
0.2041015625
0.2382965088
0.1898193359
0.2097625732
0.2346954346
0.1964721680
0.2008666992
0.2066192627
0.2195587158
0.2296142578
0.1999816895
0.1992950439
0.2277679443
0.2525939941
0.2565002441
0.2004852295
0.1731567383
0.2358703613
0.2261352539
0.2386779785
0.2727050781
0.1984710693
0.2212219238
0.2408294678
0.2363586426
0.2418975830
0.2412414551
0.2215576172
0.2152862549
0.2341613770
0.2282867432
0.2505035400
0.2399444580
0.2581024170
0.2480316162
0.2198181152
0.2196350098
0.2373962402
0.2553405762
0.2459411621
0.2467651367
0.2306213379
0.2245330811
0.2277984619
0.2568969727
0.2474670410
0.2619323730
0.2118072510
0.2136230469
0.2431945801
0.2433319092
0.2537078857
0.2372589111
0.2132263184
0.2294921875
0.2234649658
0.2788848877
0.2317657471
0.2362823486
0.2477874756
0.2041778564
0.2546081543
0.2622528076
0.2396392822
0.2346191406
0.2640380859
0.2349853516
0.2282562256
0.2470855713
0.2191772461
0.2249603271
0.2194061279
0.2372894287
0.2390899658
0.2326049805
0.2427215576
0.2371673584
0.2350769043
0.2081909180
0.2020263672
0.2155303955
0.2278747559
0.2010650635
0.2222595215
0.2293548584
0.2433471680
0.2381591797
0.2395477295
0.2273864746
0.2523193359
0.2456817627
0.1954803467
0.2507476807
0.2131195068
0.2420043945
0.2600402832
0.2386016846
0.2648773193
0.2117614746
0.2690734863
0.2379150391
0.2014465332
0.2436370850
0.2252960205
0.2551269531
0.2583465576
0.2245483398
0.2200469971
0.2422637939
0.2328796387
0.2252502441
0.2882690430
0.2631683350
0.2552490234
0.2620849609
0.2578125000
0.2561187744
0.2438507080
0.2380218506
0.2627716064
0.2355651855
0.2293548584
0.2712249756
0.2715148926
0.2632904053
0.2789764404
0.2728576660
0.2326049805
0.2671508789
0.2679748535
0.2302551270
0.2451019287
0.2657012939
0.2636871338
0.2362060547
0.2923431396
0.2630310059
0.2630462646
0.2594146729
0.2588806152
0.2650451660
0.2550354004
0.2609405518
0.2591400146
0.2437744141
0.2251586914
0.2440338135
0.2634124756
0.2652130127
0.2616882324
0.2316741943
0.2347106934
0.2158508301
0.2501678467
0.2929534912
0.2204895020
0.2116851807
0.2252349854
0.2533264160
0.2258911133
0.2546539307
0.2514801025
0.2026062012
0.2394714355
0.2321166992
0.2260589600
0.2378692627
0.2121276855
0.1721343994
0.2312316895
0.2171020508
0.2136688232
0.2235870361
0.2629547119
0.1795654297
0.2085266113
0.2200012207
0.2189178467
0.1867523193
0.1895904541
0.1919860840
0.2064971924
0.1916656494
0.1909942627
0.1894073486
0.2136993408
0.2196807861
0.2041168213
0.1720733643
0.1824340820
0.1488342285
0.1530761719
0.2127685547
0.1932067871
0.1358489990
0.1480255127
0.1606597900
0.1620483398
0.1478729248
0.1803283691
0.1145629883
0.0942840576
0.1620635986
0.1376495361
0.1143188477
0.1095886230
0.1076202393
0.0648498535
0.1141662598
0.1661071777
0.1379241943
0.1857299805
0.0960083008
0.0323638916
0.1048736572
0.1243896484
0.1869354248
0.1361083984
0.1036376953
0.0918426514
0.1915740967
0.2134246826
0.1770324707
0.0647888184
-0.0326995850
0.0285644531
0.1239013672
0.2093048096
0.2248077393
0.0480041504
0.0489654541
0.0638122559
0.0984802246
0.0700225830
0.1033630371
0.0733947754
0.0874786377
0.0946960449
0.0645446777
0.0439758301
0.0516357422
0.0151214600
0.0932006836
0.1004180908
0.0722351074
0.1429443359
0.0661926270
0.0900421143
0.0881958008
0.0146789551
-0.0608978271
-0.0219573975
0.1412353516
0.1159210205
0.0308074951
-0.1640930176
-0.1652984619
0.2147064209
0.3359985352
0.0994415283
-0.1946716309
-0.1255950928
-0.0411376953
0.0960998535
0.3074035645
0.2641296387
0.1143341064
-0.1079711914
0.0600128174
0.1701049805
0.1719512939
0.1703643799
0.1214141846
0.0501251221
0.1412506104
0.1788330078
0.1897583008
0.1879882812
0.1331787109
0.1132049561
0.1437835693
0.2425079346
-0.0119934082
0.1535186768
0.4412384033
0.3753509521
0.1002197266
-0.1079864502
-0.3326568604
0.0416412354
0.3217163086
0.4123687744
0.1286773682
-0.0177764893
-0.1283874512
-0.0453186035
0.5289764404
0.1594696045
-0.0786895752
-0.1462402344
0.0831909180
0.1464233398
0.1155700684
0.1018524170
-0.0056152344
-0.0511322021
-0.1097106934
0.0968475342
0.4283905029
0.4078216553
0.0746002197
-0.4615325928
-0.2954254150
0.1774444580
0.2901458740
0.4012145996
0.0957031250
-0.1192474365
-0.0573272705
0.0425720215
0.1496429443
0.0731658936
0.1287536621
0.3704986572
0.0927886963
-0.2972869873
-0.2160034180
0.0813140869
0.2882995605
0.1273345947
0.0134735107
-0.2631225586
-0.4081420898
0.0780029297
0.4847869873
0.3211975098
-0.1207427979
-0.2919921875
-0.2271881104
0.0597381592
0.3202056885
0.2753601074
0.2132110596
-0.1795196533
-0.1227416992
-0.0039672852
0.1232910156
0.3825988770
0.5269012451
-0.0402679443
-0.5446777344
-0.1231994629
0.3644104004
0.3677673340
0.4037780762
-0.0496826172
-0.2501983643
0.1505432129
0.5160064697
0.2535400391
0.0835418701
-0.0159912109
0.0099334717
0.1222229004
0.2973480225
0.3662414551
0.2775878906
0.0444030762
0.0200347900
0.0678558350
0.1663665771
0.2717895508
0.4357452393
0.5712432861
0.1379699707
-0.1630096436
0.0088348389
0.2641754150
0.3589630127
0.2089843750
-0.0551300049
-0.0587768555
0.0228576660
0.1742553711
0.1654510498
0.0116424561
-0.0210113525
-0.1367950439
0.0030822754
0.0437469482
0.0943298340
0.0141906738
-0.0630645752
-0.1305236816
-0.0627746582
0.0785522461
0.0720672607
0.1504821777
-0.0745086670
-0.2269439697
-0.0601348877
0.0041809082
0.0487823486
0.0025329590
-0.2395324707
-0.1638641357
0.0615386963
0.2710571289
0.0552978516
-0.0266418457
-0.0712280273
-0.0470581055
0.1114196777
0.1733093262
0.1569213867
0.1481628418
0.0029144287
0.0526580811
0.1493835449
0.2333984375
0.1191558838
0.1719665527
0.3149719238
0.0291900635
0.1106109619
0.2231140137
0.1625213623
0.2120666504
0.1711730957
0.0962829590
0.2066802979
0.2220764160
0.1073455811
0.0939331055
0.0516357422
0.1112823486
0.0729370117
0.1166534424
0.1513214111
0.0738220215
0.0934906006
0.0688629150
0.0766448975
0.0607757568
0.0126800537
-0.0530090332
-0.0324859619
0.2882385254
0.2491760254
-0.0238037109
0.0001831055
0.0423126221
0.1274871826
0.1484832764
0.0112762451
-0.2033233643
-0.3534545898
0.2188110352
0.4548645020
0.1677246094
-0.0713348389
-0.3087921143
-0.1421051025
0.1007232666
0.2485351562
0.2066955566
-0.0257263184
-0.1745300293
-0.0770874023
0.0241546631
0.1280212402
0.0922698975
-0.0166320801
0.1241149902
-0.0547790527
0.0500335693
0.1288299561
0.0491638184
0.0703125000
-0.0134887695
0.0234985352
0.0585632324
-0.0859680176
0.0823669434
0.1165161133
0.1249389648
0.1520080566
0.0319519043
0.0343780518
0.0254974365
0.0436859131
0.1457061768
0.0532989502
0.1322174072
0.1394958496
0.0437469482
0.0850067139
0.0226287842
0.0150604248
0.4132080078
0.5772552490
-0.0501403809
-0.1932830811
-0.0901031494
0.2790222168
0.3463592529
0.2232360840
-0.0242462158
-0.1420440674
0.0508117676
0.1154632568
0.0915374756
0.0557861328
-0.0059814453
0.0276031494
-0.0677337646
-0.0384674072
0.1034545898
0.0173645020
0.0552520752
-0.0730438232
-0.0807037354
0.0272216797
0.0056915283
0.0405883789
-0.0571441650
0.1850433350
0.1204986572
-0.0978546143
-0.1092834473
-0.0038757324
0.0611877441
0.0491485596
-0.1276397705
-0.0996246338
-0.0387268066
-0.0610351562
0.1336822510
0.0329437256
-0.0508422852
0.0068511963
-0.0742797852
0.0263977051
-0.0257415771
0.0802459717
0.0781707764
-0.0308074951
0.0124053955
0.0133056641
0.0333709717
0.1583862305
0.0227966309
-0.0671386719
0.0993194580
0.0410308838
0.1441497803
0.0463104248
0.0146179199
-0.0879974365
0.0644531250
0.2324371338
0.0394287109
0.1208038330
0.0070495605
0.0044860840
0.0815734863
0.0059967041
0.0887756348
0.0120697021
0.0148468018
0.0655517578
0.0117340088
0.0747680664
0.0936126709
-0.0331268311
-0.1350250244
0.0535888672
0.2669067383
0.1329650879
-0.0541534424
-0.0598297119
-0.0381622314
0.2264251709
0.2498931885
0.1412658691
-0.1432189941
-0.3004455566
-0.1272277832
0.0314636230
0.1327056885
0.0710601807
-0.0889587402
-0.0634460449
-0.1073150635
-0.0334014893
0.0004272461
-0.1205596924
-0.0546875000
-0.1229858398
-0.1192626953
0.1395111084
0.0036468506
-0.1213378906
-0.0886383057
-0.0659484863
-0.0257415771
-0.0656127930
-0.0810241699
-0.0232543945
0.0194549561
-0.2039642334
-0.1594390869
-0.1560974121
-0.0596008301
0.0981292725
-0.1664428711
-0.0693359375
0.1392211914
-0.1303100586
-0.0017395020
-0.1726074219
-0.0529785156
0.0166015625
0.0794830322
0.0111999512
-0.5024871826
-0.0674438477
0.1360321045
0.1824798584
0.2002258301
0.0434112549
-0.2296905518
-0.2710723877
0.1651458740
0.2534179688
-0.0111846924
-0.0137023926
-0.2225341797
-0.0189361572
0.0505676270
0.1894531250
0.0699920654
-0.0507507324
-0.1157836914
-0.0859527588
-0.0085144043
-0.0538635254
-0.0384368896
0.3280487061
-0.2729339600
-0.2389373779
0.0103454590
0.2181854248
0.1278076172
0.0583190918
-0.1647491455
-0.2396697998
-0.0456848145
0.1273651123
0.1971893311
0.0610351562
-0.1529541016
0.0138549805
-0.0093994141
0.1303405762
0.1007537842
0.0623016357
-0.0194244385
-0.1399230957
0.0323638916
-0.0214538574
0.0916442871
0.2428283691
-0.0653228760
-0.0110778809
-0.0430450439
0.0406799316
0.0347442627
0.1257324219
-0.1007690430
0.0042572021
0.0917205811
0.0186614990
-0.0397033691
-0.0505065918
0.0385284424
-0.0679626465
0.1119537354
-0.0006561279
-0.0034790039
0.0253601074
0.0035552979
0.0300140381
-0.0595550537
-0.0314636230
0.2908477783
0.1160736084
0.0367584229
-0.1357727051
0.0054931641
0.0351104736
0.0262145996
-0.0662231445
0.0090332031
-0.0299072266
-0.0350494385
-0.1445159912
-0.0641326904
0.0073852539
-0.0355529785
-0.0572662354
-0.1179962158
0.0394744873
0.0384216309
-0.0083465576
-0.0067291260
-0.0274658203
0.2173461914
0.0283508301
0.0321197510
0.0360107422
0.0453338623
-0.1067352295
0.1475067139
0.4296722412
0.2848815918
-0.1571044922
-0.1826934814
-0.2758636475
-0.0906677246
0.2299194336
0.1770324707
0.1115570068
-0.1405181885
-0.1181488037
-0.0296783447
0.0751037598
0.0228271484
-0.0392608643
0.1574249268
-0.0305023193
-0.0011901855
0.0381774902
0.0245056152
0.1118316650
0.0704498291
0.0664062500
0.0607452393
0.0264739990
-0.0443572998
-0.0081481934
-0.0716857910
-0.0585021973
0.0145568848
0.0300140381
-0.0174255371
-0.0349273682
0.0199584961
-0.0175018311
-0.0210113525
0.1961975098
0.3824005127
-0.5359649658
-0.2994842529
0.0809326172
0.3296813965
0.2001342773
0.3533630371
-0.3186340332
-0.4116210938
0.1116485596
0.4786376953
0.2988739014
0.0930786133
-0.2197113037
-0.2687377930
0.0681762695
0.2793579102
0.2005920410
0.0517272949
-0.1118774414
-0.1443634033
0.0025634766
0.1839141846
0.0634002686
0.0872039795
-0.0646972656
-0.0402526855
0.0400543213
0.0482788086
0.1098785400
0.2005310059
0.1489410400
-0.0710754395
0.0109252930
0.0446014404
0.1090698242
0.1614837646
0.0787658691
0.0413208008
0.0149078369
0.0372924805
0.0870208740
0.0118560791
0.0361938477
0.4548034668
0.1510314941
-0.1439819336
-0.1113739014
-0.0019073486
0.1191253662
0.3186798096
-0.0642089844
-0.2846679688
-0.1719512939
0.0460510254
0.0892333984
-0.0092010498
-0.0312805176
-0.1706848145
-0.0801391602
-0.0922393799
0.0696258545
-0.0616607666
-0.0153961182
-0.0582122803
0.1134948730
-0.0594940186
-0.0250549316
-0.0873565674
-0.1095428467
-0.0555267334
0.1015167236
-0.0103759766
-0.1271057129
-0.0352935791
-0.0322875977
0.0279083252
-0.0207977295
0.0418090820
-0.0679473877
-0.0068206787
0.0495605469
0.1030120850
0.0366516113
-0.0003204346
0.1373291016
-0.1366119385
-0.1063842773
0.2052612305
0.2037506104
0.1371917725
0.0935211182
-0.0892639160
0.0838928223
0.2418518066
0.1744537354
0.0616607666
-0.0780487061
0.0441589355
0.0311126709
0.1811370850
0.0159454346
0.0660095215
-0.0655364990
0.0110168457
-0.0310668945
0.0523376465
0.1666259766
-0.0807189941
-0.0281066895
-0.0561218262
0.0622406006
0.0498657227
-0.0994110107
0.0971832275
0.1315765381
-0.1290893555
-0.0472869873
-0.0901031494
0.1060333252
0.0015716553
0.1802368164
-0.0432281494
0.0312194824
0.0018768311
0.0472564697
0.0683593750
0.0532836914
0.2162322998
0.0660247803
0.0432128906
0.0048828125
0.1013793945
0.0195770264
0.0711517334
-0.0803680420
-0.0805511475
-0.0763702393
0.0860290527
0.0692749023
-0.1103057861
-0.0296478271
-0.1052398682
0.0044097900
-0.0123291016
0.0456237793
-0.0542297363
-0.0175781250
-0.0834045410
0.1942596436
0.1352996826
-0.2400054932
0.0383300781
0.1139831543
0.0376892090
0.1562194824
0.0624694824
-0.0775451660
-0.0162353516
0.1831970215
0.2122039795
0.0386505127
0.0239410400
-0.0736083984
0.0472259521
0.0262603760
0.1566619873
0.1445312500
0.0395507812
-0.0384063721
-0.0979919434
0.2565002441
0.1978149414
0.1497650146
0.0178222656
0.0531616211
0.0027618408
0.0236358643
0.0974121094
0.1969146729
0.0852203369
0.0745391846
-0.0551910400
0.0688476562
0.0370025635
0.1089782715
-0.0182647705
0.0470275879
0.0153503418
0.0444335938
-0.0799560547
0.0243072510
0.2479248047
0.0923461914
-0.0570373535
-0.1403808594
-0.0070648193
0.0466308594
0.1108703613
-0.0162353516
-0.0093841553
-0.0964813232
0.0003356934
-0.0350799561
0.0569763184
-0.0239410400
0.0408020020
-0.0719909668
-0.0084838867
-0.0146942139
0.0437316895
-0.0902404785
0.0715789795
0.1768646240
0.0495910645
-0.0795135498
-0.0628814697
-0.0423431396
-0.0001831055
0.1885833740
0.0892791748
0.0250244141
-0.1115722656
-0.0415802002
0.0355377197
0.0652313232
0.0387573242
0.0326080322
-0.0172119141
0.0305786133
-0.0112152100
0.0565032959
0.0757141113
0.1798706055
-0.1159210205
0.0382995605
0.0562591553
0.1372833252
-0.0529174805
0.1532287598
0.1522521973
0.0661621094
-0.0081634521
0.0395050049
-0.0032348633
0.0765686035
0.0596771240
0.0571441650
-0.0109252930
0.0548248291
0.1689758301
-0.1653594971
0.0624237061
0.3274230957
-0.0699462891
-0.1260986328
-0.0907135010
-0.0008697510
0.0088043213
-0.0178375244
0.0384063721
-0.0412902832
-0.0282287598
-0.0179595947
-0.0385437012
-0.0233764648
0.0193634033
0.0362243652
-0.0300750732
-0.0531311035
0.0331268311
0.0123443604
-0.0549774170
0.3481445312
-0.0706787109
-0.2984771729
-0.0654602051
0.1443481445
0.2296752930
0.1391143799
0.0376586914
0.1185302734
-0.0249633789
0.1441650391
0.1808471680
0.2849731445
0.0161590576
0.1069488525
-0.0258941650
-0.3208312988
-0.3121032715
-0.2006225586
-0.2336578369
-0.1812896729
-0.0044403076
-0.1137084961
-0.1605529785
-0.1438903809
-0.2155151367
-0.1812744141
-0.1148529053
-0.0941009521
-0.1772308350
-0.2680969238
-0.2322387695
-0.1913299561
-0.1805725098
-0.2153625488
-0.2358856201
-0.2510375977
-0.2782287598
-0.3371582031
-0.4200744629
-0.4478454590
-0.4195098877
-0.4176177979
-0.4480438232
-0.5005187988
-0.5237884521
-0.5317840576
-0.5854034424
-0.5944671631
-0.5956726074
-0.5829467773
-0.5316772461
-0.5392761230
-0.5928649902
-0.5826263428
-0.5997924805
-0.6572723389
-0.6428680420
-0.6514892578
-0.7181549072
-0.7469177246
-0.7851104736
-0.8272247314
-0.8136444092
-0.7619781494
-0.7642974854
-0.7461090088
-0.7844696045
-0.8137664795
-0.7993621826
-0.7844543457
-0.7654113770
-0.7482910156
-0.7398681641
-0.7001495361
-0.6799011230
-0.6616516113
-0.6669921875
-0.6891479492
-0.7100830078
-0.7243194580
-0.7334747314
-0.7303771973
-0.7391967773
-0.7363739014
-0.6978912354
-0.6674804688
-0.6573333740
-0.6584320068
-0.6538848877
-0.6517028809
-0.6659698486
-0.6968078613
-0.7029418945
-0.6974792480
-0.7191009521
-0.7252044678
-0.7379150391
-0.7669982910
-0.8063354492
-0.8278198242
-0.8302764893
-0.8192443848
-0.7895202637
-0.7684478760
-0.7683258057
-0.7811126709
-0.8276824951
-0.8625335693
-0.8941955566
-0.9033203125
-0.9027404785
-0.9009552002
-0.8913879395
-0.8948974609
-0.9084777832
-0.9162139893
-0.9237365723
-0.9178771973
-0.9250183105
-0.9025421143
-0.8668823242
-0.8401184082
-0.8274993896
-0.8132171631
-0.7932434082
-0.7778778076
-0.7665405273
-0.7671508789
-0.7683715820
-0.8027496338
-0.8763427734
-0.9797210693
-1.0429229736
-0.9935607910
-0.8625030518
-0.7539672852
-0.6723022461
-0.5959930420
-0.5438995361
-0.5185089111
-0.5180206299
-0.5441589355
-0.5893096924
-0.6114959717
-0.5738067627
-0.5577697754
-0.5533752441
-0.5419616699
-0.5722198486
-0.6089172363
-0.6139373779
-0.5950622559
-0.5568847656
-0.5124511719
-0.4761962891
-0.4490051270
-0.4338073730
-0.4632568359
-0.5018920898
-0.5201721191
-0.5202484131
-0.4909820557
-0.4548187256
-0.4244537354
-0.3965759277
-0.3820495605
-0.3862457275
-0.4192962646
-0.4609069824
-0.4959716797
-0.5079956055
-0.5126647949
-0.5179443359
-0.5304565430
-0.5641784668
-0.5743408203
-0.4779815674
-0.3229980469
-0.2816467285
-0.3297119141
-0.3217468262
-0.3317565918
-0.3772583008
-0.4262542725
-0.4723205566
-0.5049438477
-0.5154724121
-0.5098266602
-0.5090179443
-0.5058593750
-0.4958190918
-0.4833374023
-0.4674377441
-0.4470062256
-0.4184112549
-0.3927917480
-0.3739166260
-0.3641662598
-0.3715057373
-0.3847808838
-0.3947448730
-0.3751220703
-0.3031768799
-0.4944152832
-0.4804229736
-0.4632568359
-0.5084533691
-0.5893249512
-0.7236328125
-0.6963958740
-0.5904388428
-0.5079040527
-0.4573974609
-0.4662933350
-0.4943847656
-0.5066375732
-0.5119934082
-0.5127410889
-0.5015716553
-0.4870605469
-0.4631042480
-0.4548034668
-0.4745178223
-0.4799499512
-0.4796142578
-0.4838867188
-0.4626007080
-0.4284362793
-0.4121093750
-0.4119720459
-0.4059295654
-0.3868255615
-0.3716430664
-0.3582763672
-0.3529357910
-0.3566131592
-0.3653106689
-0.3910675049
-0.4243927002
-0.4484252930
-0.4660034180
-0.4850311279
-0.5010986328
-0.5194091797
-0.5404510498
-0.5501861572
-0.5343780518
-0.5075073242
-0.4844818115
-0.4716644287
-0.4638519287
-0.4571838379
-0.4476470947
-0.4371185303
-0.4220581055
-0.4033355713
-0.3845977783
-0.3764495850
-0.3784027100
-0.3763275146
-0.3728179932
-0.3729858398
-0.3806457520
-0.3886718750
-0.3945159912
-0.3977966309
-0.3978424072
-0.4026641846
-0.4176635742
-0.4421081543
-0.4625091553
-0.4681549072
-0.4614715576
-0.4505767822
-0.4408569336
-0.4324951172
-0.4418029785
-0.4604949951
-0.4779510498
-0.4841308594
-0.4845733643
-0.4919433594
-0.5024566650
-0.5139007568
-0.5323028564
-0.5468750000
-0.5492706299
-0.5406951904
-0.5233917236
-0.5071563721
-0.4985198975
-0.4854888916
-0.4671783447
-0.4482879639
-0.4291992188
-0.4017028809
-0.3772277832
-0.3727111816
-0.3929138184
-0.4226531982
-0.4436950684
-0.4456787109
-0.4340667725
-0.4169006348
-0.4039154053
-0.4025878906
-0.4115753174
-0.4317169189
-0.4517822266
-0.4757537842
-0.5047607422
-0.5156402588
-0.5063476562
-0.5040740967
-0.5117492676
-0.5122833252
-0.5119018555
-0.5198822021
-0.5179748535
-0.4983673096
-0.4924163818
-0.4962158203
-0.4955291748
-0.4858398438
-0.4707794189
-0.4615631104
-0.4578857422
-0.4566040039
-0.4616241455
-0.4647521973
-0.4645843506
-0.4642639160
-0.4638824463
-0.4595489502
-0.4583129883
-0.4572296143
-0.4505310059
-0.4438781738
-0.4529113770
-0.4621734619
-0.4518737793
-0.4389495850
-0.4307708740
-0.4373016357
-0.4614105225
-0.4923095703
-0.5158996582
-0.5251312256
-0.5257720947
-0.5329589844
-0.5448455811
-0.5587463379
-0.5705108643
-0.5591583252
-0.5270233154
-0.4889526367
-0.4671173096
-0.4558715820
-0.4576568604
-0.4673004150
-0.4728546143
-0.4769592285
-0.4781646729
-0.4731903076
-0.4624633789
-0.4468078613
-0.4258117676
-0.4116058350
-0.4144897461
-0.4337158203
-0.4675750732
-0.5031127930
-0.5226287842
-0.5292205811
-0.5373992920
-0.5479583740
-0.5575408936
-0.5586395264
-0.5560760498
-0.5517120361
-0.5516510010
-0.5566406250
-0.5545043945
-0.5464935303
-0.5450897217
-0.5485839844
-0.5480957031
-0.5438385010
-0.5356597900
-0.5381317139
-0.5493774414
-0.5673370361
-0.5844573975
-0.5829315186
-0.5742950439
-0.5768890381
-0.5918426514
-0.5941925049
-0.5900573730
-0.5893402100
-0.5944366455
-0.6066741943
-0.6294708252
-0.6475524902
-0.6605224609
-0.6726074219
-0.6806030273
-0.6830291748
-0.6786193848
-0.6750640869
-0.6682434082
-0.6605682373
-0.6545257568
-0.6452941895
-0.6398773193
-0.6444396973
-0.6525421143
-0.6600341797
-0.6440887451
-0.6132202148
-0.5951080322
-0.5995788574
-0.5978698730
-0.5881500244
-0.5746154785
-0.5764770508
-0.5934143066
-0.6008758545
-0.6141662598
-0.6266479492
-0.6631622314
-0.7345581055
-0.7101440430