0.0738220215
0.0706176758
0.0550842285
0.0680236816
0.0654907227
0.0676269531
0.0499877930
0.0714721680
0.0657653809
0.0508880615
0.0641479492
0.0662841797
0.0635833740
0.0497894287
0.0707550049
0.0728759766
0.0506439209
0.0675048828
0.0621185303
0.0634918213
0.0564270020
0.0677032471
0.0694427490
0.0492248535
0.0730590820
0.0710449219
0.0640258789
0.0545043945
0.0701293945
0.0758666992
0.0488128662
0.0708160400
0.0668334961
0.0591125488
0.0607910156
0.0661773682
0.0686798096
0.0479888916
0.0715332031
0.0663909912
0.0547180176
0.0597076416
0.0653381348
0.0709686279
0.0476531982
0.0699157715
0.0650634766
0.0543060303
0.0638885498
0.0653686523
0.0679779053
0.0509948730
0.0725555420
0.0712585449
0.0537414551
0.0660095215
0.0683288574
0.0684661865
0.0542602539
0.0692901611
0.0686645508
0.0530242920
0.0711212158
0.0653533936
0.0634460449
0.0537261963
0.0706634521
0.0705718994
0.0491485596
0.0671539307
0.0663146973
0.0650634766
0.0533294678
0.0664672852
0.0687866211
0.0493621826
0.0701599121
0.0642089844
0.0560607910
0.0576629639
0.0663757324
0.0694732666
0.0479888916
0.0694732666
0.0683593750
0.0614471436
0.0606231689
0.0645141602
0.0686798096
0.0482177734
0.0732727051
0.0709991455
0.0526733398
0.0667572021
0.0640258789
0.0754852295
0.0503845215
0.0743865967
0.0758209229
0.0645751953
0.0720214844
0.0692443848
0.0702514648
0.0569763184
0.0764770508
0.0751037598
0.0579223633
0.0730743408
0.0701599121
0.0733032227
0.0565032959
0.0791931152
0.0682983398
0.0620269775
0.0735015869
0.0608673096
0.0710601807
0.0578765869
0.0695037842
0.0748748779
0.0527801514
0.0682830811
0.0776824951
0.0644073486
0.0633087158
0.0678863525
0.0761108398
0.0571899414
0.0681610107
0.0668029785
0.0650634766
0.0633239746
0.0673370361
0.0784606934
0.0553131104
0.0683135986
0.0705413818
0.0601348877
0.0619201660
0.0667724609
0.0776214600
0.0516052246
0.0680999756
0.0784912109
0.0605621338
0.0644683838
0.0760955811
0.0762023926
0.0492401123
0.0305786133
0.1394805908
0.0233154297
0.0865631104
0.0577697754
0.0560302734
0.0801086426
0.0502471924
0.0529174805
0.0749206543
0.0219268799
0.0467529297
0.0217590332
-0.0121307373
0.0524597168
0.0064544678
0.0505371094
0.0275421143
-0.0056610107
0.0187683105
-0.0605621338
-0.0085906982
-0.0529479980
-0.0159912109
-0.0007171631
-0.0315704346
0.0016479492
-0.0490875244
-0.0234985352
-0.0382537842
-0.0703735352
-0.0242462158
-0.0636596680
-0.0063171387
-0.0418090820
-0.0600891113
-0.0389404297
-0.1031188965
-0.0281829834
-0.0711212158
-0.0398254395
-0.0281066895
-0.0687866211
-0.0113220215
-0.0868835449
-0.0387268066
-0.0767211914
-0.0708007812
-0.0395050049
-0.0955200195
-0.0012359619
-0.0909729004
-0.0025024414
-0.0654449463
-0.0843353271
-0.0531463623
-0.1332550049
-0.0155639648
-0.1287384033
-0.0135803223
-0.1009674072
-0.0564117432
-0.0420074463
-0.1333465576
-0.0197753906
-0.1862792969
-0.0320281982
-0.1458129883
-0.0559844971
-0.0753326416
-0.1077880859
-0.0286560059
-0.1713867188
-0.0306549072
-0.1826324463
-0.0599365234
-0.1392822266
-0.1091156006
-0.0586547852
-0.1525726318
0.0070800781
-0.1721649170
-0.0276641846
-0.1795043945
-0.0914306641
-0.1108398438
-0.1398468018
-0.0432128906
-0.1581268311
-0.0089569092
-0.1593780518
-0.0518951416
-0.1477050781
-0.1330871582
-0.0744934082
-0.1680297852
-0.0112304688
-0.1848907471
-0.0173339844
-0.1566467285
-0.0666961670
-0.1192932129
-0.1723632812
-0.0698242188
-0.2129821777
-0.0368499756
-0.1877136230
-0.0628814697
-0.1297454834
-0.1395568848
-0.0879364014
-0.2192077637
-0.0395355225
-0.2364959717
-0.0602111816
-0.1674041748
-0.1074981689
-0.0826721191
-0.1893920898
-0.0466308594
-0.2341461182
-0.0672607422
-0.1942291260
-0.1047058105
-0.1306915283
-0.1236724854
-0.0190429688
-0.1473083496
0.0043945312
-0.2003326416
-0.0323028564
-0.1307983398
-0.0753784180
-0.0819549561
-0.1597595215
-0.0216674805
-0.1708526611
-0.0015716553
-0.2102355957
-0.0876922607
-0.1430206299
-0.1444854736
-0.0802612305
-0.1929626465
-0.0092163086
-0.2050170898
-0.0369873047
-0.2023162842
-0.1057128906
-0.1643981934
-0.1561431885
-0.0983734131
-0.1374053955
-0.0150909424
-0.2085723877
-0.0240936279
-0.2140350342
-0.0594024658
-0.2249603271
-0.1389923096
-0.2352905273
-0.1785278320
-0.1357879639
-0.1620635986
-0.0493164062
-0.2065582275
-0.0757598877
-0.2835693359
-0.1494903564
-0.2548828125
-0.1223449707
-0.2077026367
-0.1385803223
-0.1673431396
-0.1764831543
-0.1580047607
-0.2319946289
-0.1471252441
-0.2319641113
-0.0916290283
-0.2002563477
-0.0314788818
-0.1721343994
-0.0330505371
-0.1251983643
-0.0357513428
-0.0827178955
-0.0980834961
-0.1311187744
-0.1490325928
-0.0394744873
-0.0948638916
-0.0611724854
-0.1571350098
-0.0463256836
-0.1445617676
0.0059967041
-0.1482238770
-0.0597534180
-0.1885223389
-0.0213928223
-0.1177062988
-0.0155639648
-0.1896820068
-0.0432891846
-0.1653747559
-0.0245666504
-0.1121215820
-0.0640716553
-0.1227874756
-0.0439300537
-0.0740356445
0.0061950684
-0.0825347900
-0.0614776611
-0.0580444336
0.0420989990
0.0205688477
0.0329132080
0.0112762451
-0.0686035156
-0.0479736328
-0.0735168457
0.0648651123
-0.0300598145
-0.0175628662
-0.1038818359
0.0104217529
-0.0133361816
0.0956573486
0.0637359619
0.0473632812
-0.0268402100
-0.0211639404
-0.0696411133
0.1115112305
0.1519317627
0.1052703857
0.0459594727
0.0004272461
-0.0590209961
0.0740509033
0.0401611328
0.0250549316
0.0216979980
0.1041412354
0.0917968750
0.0490264893
-0.1174926758
-0.0555877686
-0.0047149658
0.0518341064
-0.0447845459
-0.0789184570
-0.1041717529
-0.0138397217
0.0166015625
-0.0085296631
-0.0221252441
-0.0528717041
-0.0034484863
-0.0215606689
-0.0080718994
0.0347442627
-0.0174560547
0.0814361572
0.0136566162
0.0304718018
0.0266418457
0.0213165283
0.0705871582
0.0233154297
0.0213470459
0.0076751709
0.0060577393
-0.0069274902
-0.0235900879
-0.0146026611
-0.0056915283
-0.0479278564
-0.0181121826
-0.0879974365
-0.0854797363
-0.1367187500
-0.0819549561
-0.1024169922
-0.0554962158
-0.1297302246
-0.1760253906
-0.1483459473
-0.0773468018
-0.0492553711
-0.0061798096
-0.0518951416
-0.1205902100
-0.1299285889
-0.0227050781
0.0861816406
0.0565185547
0.0072784424
-0.0378265381
-0.0450439453
-0.0724334717
-0.0561218262
-0.0447998047
-0.0399475098
-0.0373535156
-0.0653533936
-0.1182098389
-0.1366577148
-0.1230621338
-0.1473846436
-0.1194152832
-0.0928802490
-0.1075286865
-0.0622711182
-0.0749511719
-0.0437011719
-0.1063079834
-0.1487884521
-0.1143798828
-0.0119476318
0.0534362793
-0.0361175537
-0.0768737793
-0.0204772949
-0.1153717041
-0.1278686523
-0.0725860596
0.0605010986
0.0505065918
0.0019531250
-0.0372619629
-0.1347351074
-0.0188293457
-0.0268402100
-0.0257110596
-0.0818481445
-0.0554351807
-0.0924987793
-0.0568084717
-0.0549163818
-0.0077819824
-0.0888519287
-0.1785278320
-0.1460723877
-0.0601959229
0.0314636230
0.0280761719
-0.0600585938
-0.1572418213
-0.1691741943
-0.0745391846
-0.0730895996
0.0029754639
-0.0791473389
-0.1134643555
-0.0718688965
-0.0046386719
-0.0163116455
-0.0481872559
-0.0384674072
-0.0299224854
0.0341186523
0.0518035889
-0.0544128418
-0.0186920166
0.0197143555
0.1628570557
0.0946197510
0.0774536133
-0.0119171143
0.0069274902
0.0537261963
0.1317901611
0.0347137451
-0.1783905029
-0.1422424316
-0.0419006348
0.1112060547
0.0587158203
-0.1059722900
-0.1684265137
-0.1367187500
-0.0555725098
0.0098876953
-0.0600280762
-0.1002044678
-0.1160888672
-0.1007537842
-0.0206146240
0.0247497559
-0.0875701904
-0.1435852051
-0.1405181885
-0.0437469482
0.0291290283
-0.0308227539
-0.0168151855
-0.1400756836
0.0010223389
0.0729827881
0.0544738770
0.0044250488
-0.0634765625
-0.0796661377
-0.0606384277
-0.0578613281
0.0198974609
0.0037078857
-0.1036224365
-0.0482482910
-0.0766906738
-0.0930023193
-0.1511840820
-0.0751953125
0.0271453857
0.0369720459
-0.2391510010
-0.1145782471
-0.1000518799
-0.0926055908
-0.0088958740
0.1337738037
-0.0744781494
-0.0931701660
-0.0454254150
0.0474700928
0.0442810059
0.0077667236
-0.0011901855
-0.0774230957
-0.1220855713
-0.0180358887
-0.0009155273
0.0112762451
-0.0454559326
-0.1279907227
-0.0335235596
0.0403442383
0.0609588623
-0.0128936768
-0.0644989014
-0.0578918457
0.0045166016
0.0686035156
0.0951995850
0.0234985352
0.0543518066
-0.0110473633
-0.0009460449
0.1024169922
0.1406555176
0.0339508057
0.0696563721
0.0442199707
0.0743865967
0.1220245361
0.1251220703
0.0812072754
0.1567230225
0.0888366699
0.0245361328
0.0111389160
0.0678710938
0.2430572510
0.1910705566
0.1610565186
0.0878448486
0.1692199707
0.1475372314
0.1484069824
0.0903472900
-0.0397796631
0.0256347656
0.0988922119
0.1932983398
0.3176116943
0.2068328857
-0.0210266113
-0.1953125000
-0.2391204834
0.0354766846
0.5135955811
0.5822601318
0.4473114014
-0.0186004639
-0.2845001221
-0.0864410400
0.1438903809
0.3732147217
0.4950408936
0.2690429688
-0.0653686523
-0.1745147705
-0.0360107422
0.1237792969
0.1961212158
0.1540069580
0.1558685303
-0.0427398682
-0.0719299316
0.0475616455
0.2025604248
0.2986297607
0.0402832031
-0.1938323975
0.0452423096
0.2570648193
0.4206085205
0.2208557129
-0.0361785889
-0.1451416016
-0.0778198242
0.1248321533
0.2563476562
0.1999053955
0.0425720215
-0.0147705078
-0.0691680908
-0.0641632080
0.0804595947
0.0621490479
0.1091613770
-0.0360565186
-0.0095977783
0.0459136963
0.0957031250
-0.1036834717
-0.0107116699
0.0715637207
0.1389160156
-0.1412200928
-0.0433349609
-0.0430908203
0.0012512207
0.1201477051
0.3093872070
-0.0662994385
-0.0062713623
0.0547943115
0.2422637939
0.2643432617
0.2525482178
0.2243041992
0.1833801270
-0.0724487305
-0.2136230469
0.0528259277
0.2300720215
0.0092620850
0.0523834229
0.0728302002
-0.1113586426
0.0772094727
0.2220916748
0.1380462646
-0.0122070312
0.0646209717
-0.0970458984
-0.0953674316
0.1809234619
0.2296600342
0.1972656250
0.1539916992
0.1094055176
-0.0314331055
0.1450653076
0.1618347168
0.1942291260
0.1816864014
-0.1544036865
-0.3923034668
-0.0817565918
0.2143249512
0.1635437012
0.2759857178
0.0813140869
-0.2009582520
0.0555725098
0.3616485596
0.2564849854
0.2505798340
0.0529937744
-0.1724395752
-0.0594177246
0.2237854004
0.2880859375
0.1339111328
0.2092895508
0.1158752441
0.1136322021
0.1718597412
0.2333068848
0.1304779053
0.0677337646
0.0471343994
0.1342773438
0.1337585449
0.1038055420
0.0748138428
0.1051025391
0.0366210938
0.2289886475
0.1929321289
0.2086181641
0.0327148438
-0.0036315918
-0.2042846680
-0.0730285645
-0.0679168701
0.0772247314
0.0860595703
0.0570983887
0.0867004395
0.0685577393
0.0600891113
-0.0435180664
-0.0402984619
-0.0673980713
-0.0585021973
0.0262603760
-0.0061035156
-0.0013732910
0.0701904297
-0.0336608887
0.0770874023
0.0696411133
0.1315612793
0.1358337402
0.0503997803
0.1389770508
-0.0020294189
0.1494140625
-0.0068054199
0.0075378418
0.1260223389
0.1283569336
0.1558837891
0.1052856445
0.0531463623
0.0174255371
0.0413360596
0.0988311768
-0.0184478760
-0.0814819336
-0.1051330566
-0.0417022705
-0.0477600098
0.0240325928
0.0381164551
-0.0842437744
-0.0063018799
-0.0811614990
-0.0034484863
-0.1153717041
-0.0134429932
-0.0177612305
-0.0201263428
0.0755004883
0.0057830811
0.0372772217
-0.0079193115
-0.0137023926
0.0189666748
0.0072174072
0.0525054932
-0.0138397217
0.0779266357
-0.0765380859
0.0264434814
0.0168457031
-0.0127410889
-0.0204162598
-0.0201416016
0.0777282715
0.0529937744
0.1206665039
0.0039215088
0.0088195801
0.0494079590
0.0242767334
0.0479431152
-0.1011352539
0.0699615479
0.0276794434
0.0891571045
0.0916595459
0.0797882080
0.0235748291
0.0371856689
0.0915985107
0.0427856445
0.1362915039
0.1378173828
0.0889587402
0.0035552979
0.0495300293
0.0794525146
0.1167297363
0.0926818848
0.0070648193
-0.0698852539
-0.0315856934
0.0182495117
0.0465698242
0.0365295410
-0.1106872559
-0.0366821289
0.0491180420
0.0305023193
0.0820312500
-0.0596923828
0.0242614746
-0.0320434570
0.0825042725
-0.0303039551
0.0484313965
-0.0103454590
0.0115356445
-0.0108489990
-0.0074462891
-0.0640258789
-0.0337982178
-0.0585021973
-0.0494689941
0.0751190186
-0.0449218750
0.0077056885
-0.1105804443
-0.0560150146
-0.0328979492
-0.0832366943
-0.0653533936
0.0297393799
0.0138854980
-0.0549774170
-0.0041809082
-0.0693359375
-0.0442657471
-0.1004333496
-0.0371093750
-0.0167541504
0.0015411377
-0.0499267578
0.0308074951
-0.0352935791
0.0157928467
-0.0969696045
0.0002899170
0.0238952637
-0.0056610107
0.0929870605
-0.0484161377
-0.0460815430
-0.1463012695
0.0197143555
0.0193023682
0.1533813477
-0.0750122070
0.0615081787
-0.0015716553
0.0853576660
0.0591125488
0.0726776123
0.0732269287
0.1392974854
0.0823364258
0.0678405762
0.1104125977
0.0890808105
0.1328735352
0.0223236084
0.0948638916
-0.0865936279
0.0505676270
0.0567169189
0.0498352051
0.0433654785
-0.0027923584
-0.0535125732
0.0310516357
-0.0848388672
0.0198516846
-0.0568542480
0.0582733154
0.0494384766
0.0105133057
-0.1948394775
-0.0963745117
0.0059204102
0.0921325684
-0.0225524902
0.1685180664
-0.0113372803
-0.1460418701
-0.1486511230
0.1207733154
0.1751098633
0.1159057617
-0.0483551025
-0.1037445068
-0.0240020752
0.0908966064
0.1112670898
0.1163482666
-0.1583862305
-0.0663909912
-0.0770111084
-0.0383148193
0.0923309326
0.0516662598
0.0148315430
-0.0782470703
-0.2188720703
0.0076446533
-0.0165252686
0.0173950195
-0.0154571533
-0.0645599365
-0.0973663330
-0.1956329346
-0.0622863770
0.0302581787
-0.0609741211
-0.1173553467
0.0759735107
-0.0624389648
0.0076141357
0.1295013428
0.1286163330
-0.0397644043
0.2426300049
0.0999298096
0.1418762207
-0.0048522949
0.1121063232
0.2050170898
0.1490478516
0.0950164795
0.1949157715
-0.0715179443
-0.0139312744
0.1387023926
0.2224578857
0.0659637451
0.0713500977
0.0867767334
-0.0611267090
-0.0454711914
0.2187500000
0.2648468018
-0.0603179932
0.0432739258
-0.0493316650
-0.0173187256
0.1487121582
0.0836181641
-0.1578369141
-0.1489868164
-0.0751647949
-0.0183715820
0.1741790771
0.2472839355
-0.0918426514
-0.0298919678
-0.0720672607
0.2938537598
0.4807891846
0.3078155518
-0.0205993652
-0.2831726074
0.0215454102
0.4027099609
0.5225524902
0.3264923096
-0.1213684082
-0.2425231934
0.1114196777
0.2279357910
0.3809509277
0.0599517822
-0.0984039307
-0.1485595703
0.0475769043
0.0571136475
0.1559600830
-0.0074310303
-0.1290283203
-0.1063385010
-0.0831298828
0.0239410400
-0.1302185059
0.0090484619
-0.0341033936
0.0659179688
-0.1147460938
-0.0261535645
0.0204467773
-0.1225433350
-0.1467895508
0.1453552246
0.0247497559
-0.0390167236
0.0362091064
-0.0532226562
0.0133361816
0.0180664062
0.1686859131
0.1403656006
-0.0450897217
0.0600128174
0.1465301514
0.2645721436
0.2386627197
-0.0469665527
0.0065307617
0.0868072510
0.0978393555
0.2341918945
-0.0040588379
-0.1613006592
-0.1204223633
0.0968627930
0.4021148682
0.2572937012
-0.0863342285
-0.2409057617
-0.1539459229
0.2941436768
0.2414245605
0.3430786133
0.1738433838
0.0825042725
0.1559600830
0.1814270020
0.2077484131
0.4056091309
0.1215820312
0.1387023926
0.0857238770
0.2082366943
0.2890472412
0.3066711426
0.0404357910
0.1201477051
0.0457611084
0.2287902832
0.2775726318
0.2601623535
0.0790710449
0.0189666748
-0.1035919189
-0.0380554199
0.0660552979
0.1577758789
0.0290985107
-0.0012512207
0.0871429443
-0.0128326416
-0.0278625488
-0.1233825684
-0.0888214111
-0.0126342773
0.1062622070
0.0346069336
-0.0050201416
-0.1109313965
-0.0597229004
0.0471496582
0.1235809326
0.0171203613
0.0829772949
0.0087738037
0.0915985107
0.0182800293
0.1225433350
0.0200042725
0.0167846680
0.0808868408
0.1334991455
0.0182647705
0.1446228027
0.2197265625
0.1346893311
-0.0518035889
0.0640411377
0.1936645508
0.2791748047
0.1454620361
0.1554718018
0.1130371094
0.1018829346
0.3126068115
0.2537384033
0.1744079590
0.1305389404
0.2436981201
0.1408081055
0.1677246094
0.1796112061
0.1442108154
0.0138397217
0.0236663818
0.0331420898
0.1737976074
-0.0268249512
0.0775299072
0.0662231445
0.0735473633
0.0700378418
0.0653381348
-0.1134338379
-0.0034484863
0.1667480469
0.3088378906
0.0098876953
-0.0724334717
-0.2619171143
-0.0383911133
0.1230773926
0.2208862305
0.1311187744
-0.1433563232
-0.0023956299
-0.0018463135
0.0434112549
0.0068054199
-0.0649566650
-0.0571746826
0.0954132080
0.0883941650
0.1105194092
0.0194396973
-0.0009002686
0.1073760986
0.3873596191
0.3990325928
0.4774932861
0.1451110840
-0.0374450684
-0.0532684326
0.2210540771
0.2689361572
0.3025054932
0.2431030273
0.1494598389
0.1620635986
0.3540191650
0.1568908691
0.1107788086
0.0583801270
0.1871032715
0.1461486816
0.2301940918
0.1182403564
0.0343322754
-0.1112365723
0.0476989746
0.0841064453
0.1772155762
0.0398254395
0.0269012451
-0.0987854004
-0.0212097168
0.0242156982
0.0384216309
0.0318603516
0.0788116455
-0.1048889160
-0.1115112305
0.0105438232
0.1227874756
0.2115783691
0.1239929199
0.0100250244
-0.0621643066
0.1113891602
0.0511627197
0.0649108887
-0.1557922363
-0.0213623047
0.0504760742
0.1679534912
0.0694427490
0.0588073730
-0.1029510498
-0.0685577393
0.1886138916
0.3140716553
0.0016937256
-0.1564331055
-0.1946105957
-0.1604919434
0.0579681396
0.0325469971
-0.1127929688
-0.1087951660
0.0440826416
0.0012512207
-0.0977325439
0.0738372803
0.0448608398
0.0454101562
-0.0490417480
0.1254272461
0.2170867920
0.0796661377
0.0689392090
0.3041839600
0.3131713867
0.3590393066
0.3292999268
0.1508636475
-0.0173950195
0.2391052246
0.3421325684
0.3613739014
0.2321319580
0.1748809814
0.0879974365
0.1764678955
0.1671905518
0.0954589844
0.1086120605
0.2000732422
0.1964416504
0.1220550537
-0.1247558594
-0.1199340820
-0.0916442871
0.1144256592
0.0510559082
-0.0089569092
-0.0603332520
0.1136016846
-0.0039825439
-0.0698699951
-0.0500793457
0.1486968994
0.1868438721
0.0394744873
0.1495819092
0.0328521729
-0.0744476318
0.1741943359
0.3201446533
0.2762451172
0.1048126221
0.0376434326
0.1489257812
0.1258697510
0.1982116699
0.3739166260
0.0656280518
0.0426483154
0.0312957764
0.2934875488
0.2587890625
0.0952606201
0.0052490234
-0.0926818848
0.0505828857
0.2025146484
0.2377624512
-0.0442199707
-0.2086486816
-0.1406250000
0.0253601074
0.1327972412
0.1104125977
-0.0447387695
-0.2752685547
-0.1813964844
0.0753021240
0.2389984131
0.0905303955
-0.0755004883
-0.0648498535
0.1292724609
0.1917724609
0.0504150391
0.0596160889
0.0721130371
0.3068542480
0.2228393555
0.1838226318
0.1857299805
0.1313781738
0.2552337646
0.1814880371
0.3363189697
0.1982116699
0.1487426758
0.0039062500
0.0489959717
0.1161956787
0.2817230225
0.1978607178
0.1412658691
-0.0130920410
0.1020660400
0.0488281250
0.1628112793
-0.0489349365
0.0478515625
0.0276641846
0.1246643066
-0.0331573486
0.0562286377
0.0411682129
0.0518188477
0.1219787598
0.1474304199
-0.1334686279
-0.0498809814
0.0714416504
0.1349182129
0.1533508301
0.1240692139
-0.0638122559
0.0025939941
0.1673889160
0.2297515869
0.0604248047
-0.0631866455
-0.2065582275
-0.0304718018
0.3265075684
0.2088928223
0.2202301025
0.1365814209
0.2119598389
0.1227569580
-0.0719909668
-0.0252075195
0.0342407227
0.1876983643
0.1446838379
0.1477813721
-0.0230407715
-0.1257324219
0.1073913574
0.2122802734
0.3557586670
0.1641540527
-0.0105590820
-0.1724243164
-0.0299987793
0.0728149414
0.2928771973
0.1882934570
0.1326141357
-0.0217590332
0.0550994873
0.1726531982
0.3074188232
0.1210937500
0.1244659424
0.0115203857
0.2186889648
0.2761077881
0.3111419678
0.0839080811
0.0405273438
0.0165100098
0.2155761719
0.2490234375
0.1553649902
-0.0267486572
-0.0170745850
0.0390319824
0.0731048584
0.0950927734
0.0619049072
-0.0055389404
0.1130371094
0.0280609131
-0.0484466553
-0.0838317871
0.0199279785
0.0826263428
0.1345977783
0.0613403320
0.0003814697
-0.0565032959
0.1046142578
0.1262359619
-0.2928161621
-0.3144073486
-0.0911254883
0.0830535889
-0.0018310547
-0.1889343262
0.0357360840
-0.1651916504
-0.3024597168
0.0326080322
0.2896575928
0.1418914795
-0.1586151123
-0.3328552246
-0.3793487549
-0.1123962402
0.4138183594
0.3335113525
0.1918792725
-0.4867095947
-0.4278259277
-0.0874786377
0.4272155762
0.4000244141
0.3097534180
-0.1768951416
-0.2208404541
-0.0718688965
0.2081451416
0.3864135742
0.2365417480
-0.0707702637
-0.0794525146
0.0851287842
0.2245788574
0.2552795410
0.2627868652
0.0786285400
0.0053405762
0.1162109375
0.1768188477
0.1630096436
0.2493591309
0.2269744873
-0.0149688721
-0.0049591064
-0.0050201416
0.1732330322
0.1625213623
0.2115478516
0.0468292236
0.0312652588
0.0426940918
0.2276611328
0.1223602295
0.0832214355
-0.0593109131
0.0385131836
0.0454864502
-0.0418548584
-0.0181427002
0.0964813232
0.0409393311
-0.0475006104
0.0085449219
-0.0578613281
-0.0143890381
0.0000915527
0.0766754150
-0.1702423096
-0.0603637695
-0.0362854004
0.3072967529
0.1439971924
-0.1002960205
-0.2031402588
-0.1376647949
0.2131042480
0.3786315918
0.0831909180
-0.0334777832
-0.0389099121
-0.0832214355
-0.0170593262
0.1404876709
0.1276397705
0.1635589600
0.0641632080
0.1478576660
-0.0909576416
0.0279083252
0.1949462891
0.3449707031
0.2274017334
0.0364685059
-0.0617828369
-0.0262756348
0.2485351562
0.2619628906
0.2216796875
0.0409698486
0.0563049316
0.0797271729
0.2586364746
0.2309722900
0.1508483887
0.0001678467
0.0369415283
0.0453948975
0.1668548584
0.0245208740
0.0595092773
-0.0601959229
0.1018981934
0.0702209473
0.0921173096
-0.0309143066
0.0045318604
-0.0997924805
-0.0232543945
-0.0679931641
0.1107482910
0.0476989746
0.1204833984
-0.0726470947
-0.0466003418
-0.0988616943
-0.0048065186
-0.0333709717
-0.0227355957
0.0939636230
0.2145843506
0.1072692871
0.0684204102
-0.1216888428
-0.1519927979
-0.1970214844
-0.0309906006
0.0409240723
0.2785491943
0.4686584473
0.4565582275
0.1774749756
-0.0425262451
-0.3128662109
-0.1748809814
0.0837249756
0.3553466797
0.2249908447
0.1322631836
-0.1203002930
0.1942138672
0.1264953613
0.1842956543
0.0713348389
0.0025939941
0.0529174805
0.2436828613
0.2173004150
0.2780456543
-0.0084686279
0.1298522949
0.1372070312
0.2884521484
0.1382751465
0.2484741211
0.0994262695
0.0682067871
-0.0913848877
0.1001281738
0.1215362549
0.2443084717
0.0914306641
0.0462646484
-0.0888671875
0.0735015869
0.1644592285
0.0312652588
-0.2033081055
-0.0149688721
-0.0616302490
-0.1071777344
-0.1026306152
0.1936645508
0.0658416748
-0.2127532959
-0.2562713623
-0.1370086670
-0.0751800537
0.0037231445
-0.0166778564
-0.0217285156
-0.1001434326
0.0521392822
0.1197204590
0.0901336670
-0.3188476562
-0.3158569336
-0.3387756348
0.0712432861
-0.0260772705
0.0905456543
0.3540802002
0.3077087402
-0.2399749756
-0.2959747314
-0.0546264648
0.3746948242
0.2955322266
0.2645263672
-0.0240783691
-0.1324005127
0.0440368652
0.2865295410
0.1917114258
0.2604217529
0.0567016602
-0.0293731689
0.0034942627
0.1460113525
0.2014923096
0.1530914307
-0.0748443604
0.1069335938
0.1313018799
0.1716003418
0.1880340576
0.0587615967
0.1375122070
0.1125030518
0.0641021729
0.1150360107
0.1304626465
0.0993347168
-0.0141601562
0.0426788330
0.1843261719
0.0633087158
0.0097198486
0.1027374268
0.0578002930
0.0101165771
0.0702056885
-0.0344848633
0.0438079834
0.0486145020
0.0652008057
0.0223999023
0.0274810791
0.0580596924
0.0324859619
-0.0247039795
-0.0046997070
0.0866241455
0.1336059570
0.1389465332
0.0926818848
-0.1005249023
-0.1970214844
0.0097808838
0.1662292480
0.1185760498
0.2085418701
0.0400238037
-0.0841217041
-0.0424346924
0.0745849609
0.1340179443
0.0892181396
-0.0541229248
0.0221862793
0.0245971680
0.1551055908
0.2781677246
0.0372009277
-0.1424560547
0.0004425049
0.0375976562
0.1806488037
0.0644989014
-0.0087280273
-0.0889739990
-0.0119323730
-0.0260467529
0.1936645508
0.2474212646
0.2605743408
0.1416931152
0.0235443115
-0.0858764648
0.0904235840
0.1705322266
0.3086242676
0.1712951660
0.0862731934
-0.1032257080
0.0932769775
0.0778503418
0.2673797607
0.2012176514
0.0149688721
-0.1903076172
-0.0473480225
0.0622100830
0.2054138184
0.1354217529
0.0693054199
0.0213775635
0.1052856445
0.1056671143
0.0305938721
-0.1341857910
0.0057067871
0.2553710938
0.1817321777
-0.0325164795
-0.0119018555
-0.0088043213
0.2601165771
0.2332916260
0.2548828125
0.0229187012
-0.0464019775
-0.1109924316
-0.0160827637
0.0723724365
0.1955871582
0.0905761719
-0.0778656006
-0.2250823975
-0.0270843506
0.0239715576
0.0410003662
0.2057952881
0.0071563721
-0.3701019287
-0.0736236572
0.1833343506
0.0927124023
0.0971679688
0.1624755859
0.0619201660
-0.1714172363
-0.0905303955
0.2014617920
-0.0475006104
-0.0764007568
0.2911376953
0.2375488281
-0.1164398193
0.1194152832
0.4073486328
0.2756500244
0.4054565430
0.1642303467
0.0213470459
0.2335968018
0.3785552979
0.1920623779
0.2707824707
0.1320953369
0.0310058594
0.1380462646
0.1386108398
0.1268005371
0.1798706055
0.1492462158
0.0504150391
-0.0000152588
-0.1534729004
0.1196289062
0.1694641113
0.0854797363
0.2431640625
0.0716552734
-0.1005096436
0.1053466797
0.2488708496
-0.1883850098
-0.1430358887
0.1168823242
0.2408294678
0.1817932129
0.0996704102
-0.0137634277
-0.0976867676
-0.1566467285
0.1770782471
0.1675109863
-0.1572113037
-0.1248779297
0.0508422852
0.1382446289
0.0655059814
0.0632171631
0.0623779297
-0.0542755127
-0.0059967041
-0.2651367188
-0.0317077637
0.0817718506
0.0407867432
0.0326080322
-0.0552368164
-0.1206512451
-0.0976562500
-0.0522460938
0.1247253418
0.1244354248
0.0035400391
-0.1203918457
-0.1102447510
-0.0594482422
0.1475372314
0.0886535645
0.1190643311
0.1020355225
-0.1040954590
0.1923522949
0.2895812988
0.3428955078
0.0054779053
0.1066894531
0.1701049805
0.0602569580
0.1437835693
0.3030395508
0.4140930176
0.0753326416
-0.0721435547
0.0443572998
0.2802581787
0.2759552002
0.1560363770
-0.0786132812
-0.0500640869
0.1475219727
0.1505889893
0.1042633057
0.0250549316
0.0971069336
0.0680236816
0.0598602295
-0.0445709229
-0.0223999023
0.1141510010
0.1549530029
0.1089630127
-0.1036224365
-0.0594329834
-0.0633544922
0.0753784180
0.1115264893
0.1018676758
0.0172882080
-0.0300445557
0.0738220215
0.2747192383
0.1871185303
0.1586303711
-0.1262664795
-0.0054168701
0.0399627686
0.2424926758
0.2548522949
0.1853485107
0.1356353760
0.0622863770
0.0335845947
0.0424652100
0.2048187256
0.1040496826
0.1085815430
0.0608215332
0.1791687012
0.0997161865
0.0127105713
-0.0474853516
0.0984954834
-0.0096435547
0.2046813965
0.2096557617
0.1515197754
-0.2077026367
-0.1065368652
-0.0062866211
0.2782592773
0.2866210938
0.2283935547
-0.2480621338
-0.2160034180
-0.0676574707
0.0841064453
0.1423950195
0.2487030029
-0.1838836670
-0.2037353516
-0.0672149658
0.0276947021
0.0751800537
0.0050659180
0.1176910400
-0.0303192139
-0.2556457520
-0.1023559570
0.2370910645
0.1875610352
0.3668670654
0.0167541504
-0.0476531982
0.0202484131
0.1643218994
0.3672637939
0.3942260742
0.0762786865
-0.3038024902
-0.2872619629
0.2218017578
0.2478637695
0.3824157715
0.1501007080
-0.0499725342
-0.1684112549
-0.0732879639
0.1080627441
0.3442535400
0.1353607178
0.1971130371
0.0611724854
-0.1180877686
-0.0582885742
0.1147613525
0.1056823730
0.2679443359
0.1578216553
0.0759124756
0.0450286865
0.1600799561
0.1967926025
-0.0448760986
-0.1865386963
-0.0477294922
0.2129821777
0.3558349609
0.5030059814
0.1469421387
0.0681152344
-0.1312255859
0.1434326172
0.1051940918
0.2727203369
0.1338806152
0.1398468018
0.1467895508
0.1598968506
0.1019897461
-0.1856689453
-0.0753936768
0.1420288086
0.0464172363
0.0298156738
0.2033691406
0.0723114014
-0.2654571533
0.0157012939
0.0579681396
-0.0508880615
-0.0237579346
0.2453765869
0.0031433105
-0.3042449951
-0.2231292725
0.2281341553
0.2099456787
0.0908355713
0.2542724609
-0.0580596924
-0.3577117920
0.0319213867
0.2973022461
0.1667938232
0.0130004883
0.1267395020
-0.0361785889
-0.0321044922
0.0741119385
0.1309051514
0.0571594238
0.1954345703
0.1838684082
-0.0099945068
-0.1270751953
0.1182861328
0.3076782227
0.0564422607
-0.0713958740
0.1403350830
0.1508789062
0.1409606934
0.2710113525
0.1727905273
-0.2144012451
-0.2166595459
-0.0731048584
0.1505737305
0.0080261230
0.2618713379
0.3063659668
-0.1873779297
-0.3575897217
-0.0686798096
0.2211914062
0.1874084473
-0.0121612549
0.0172424316
-0.1699371338
0.0391540527
0.1174926758
0.2343292236
0.1477508545
0.1205444336
0.0776519775
0.0139465332
0.0277252197
0.1303253174
0.1604919434
0.1472625732
0.1806335449
0.0821380615
-0.0197906494
-0.1690979004
0.0642547607
-0.0086364746
0.1790313721
0.0041198730
0.1134643555
0.0518188477
0.1821594238
0.0678558350
-0.0345306396
0.0051574707
0.0894775391
0.1753692627
0.1160583496
0.0803527832
0.0772552490
-0.1143493652
0.0413208008
0.1878814697
0.2079467773
0.1480712891
-0.0882415771
-0.1131896973
-0.0085296631
0.0597686768
0.0046997070
0.0735168457
0.0252532959
-0.0507049561
-0.1112213135
0.0673370361
0.0369720459
0.0747375488
-0.0134124756
0.0386810303
-0.1140136719
-0.0373992920
-0.0513610840
0.0307464600
-0.0100250244
-0.0101165771
0.0412292480
0.1407165527
0.0552520752
0.0933990479
0.0954284668
0.0185394287
-0.0035858154
0.0744476318
0.0946960449
0.0268707275
0.0543823242
0.2009887695
0.0805053711
-0.0250701904
0.0735931396
-0.0285797119
0.0466613770
0.0637817383
0.2425384521
0.0831298828
0.0024414062
-0.0321502686
0.1379547119
0.0473327637
0.0854492188
-0.0111846924
0.0321807861
0.0304107666
0.2259216309
0.0302276611
0.0045928955
0.0327606201
0.1216888428
0.0901336670
0.0996551514
0.0281829834
-0.0632781982
-0.0469207764
0.0751800537
0.0542144775
0.0923309326
0.0839385986
0.0975494385
-0.0482940674
0.0774383545
0.1490173340
0.0313110352
0.0536651611
0.0119934082
0.0111846924
0.0326080322
0.1026000977
0.1505432129
0.1861877441
0.1366119385
0.1340179443
0.0343780518
0.0680999756
0.0757293701
0.1419525146
0.0343933105
0.0271301270
0.0370330811
0.0555267334
0.0682220459
0.0208129883
0.0047149658
0.0570526123
0.0179901123
-0.0265808105
-0.0922698975
0.1004180908
0.0790100098
0.0749816895
-0.0508117676
0.0789184570
0.0285949707
0.0632019043
-0.0109252930
0.0963897705
0.0973663330
0.0766296387
0.0094451904
0.0987854004
-0.0116882324
0.0637969971
0.1168670654
0.1379089355
-0.0047912598
-0.0887603760
-0.2157440186
0.0113220215
0.0580139160
0.1497497559
0.1304016113
0.0341644287
-0.1860809326
0.0200958252
0.1235656738
0.0987091064
0.0706481934
0.0786132812
0.0100250244
-0.0285034180
0.1040954590
0.2941589355
0.2116546631
-0.0130767822
-0.0482025146
-0.0491333008
0.0426025391
0.1134948730
0.1754913330
0.0383605957
-0.0609436035
-0.1168212891
0.0110015869
0.0276947021
-0.0050506592
-0.0244293213
-0.0075988770
0.0133056641
-0.0087280273
0.0570068359
0.0583953857
0.0398864746
0.0532989502
0.0000305176
0.0194396973
0.1113586426
0.1714477539
0.1147308350
0.1497802734
0.0334472656
0.0707092285
0.0370635986
0.0067138672
0.1120910645
0.0445098877
0.1044158936
0.0762023926
-0.0003051758
0.0000457764
-0.0650787354
0.0056457520
0.0831298828
0.1449737549
0.0485076904
-0.1513977051
-0.1258239746
0.0077056885
0.1889343262
0.0660705566
-0.0824890137
-0.1804962158
-0.0048065186
0.0930328369
-0.0111389160
-0.0518798828
-0.0139312744
0.0167236328
-0.1005249023
-0.0374450684
0.0882720947
0.0995025635
0.1200866699
0.0845947266
0.0622711182
0.0156250000
0.1872863770
0.2174377441
0.1786193848
0.1801147461
0.2821655273
0.2098388672
0.0620269775
0.0318603516
0.2132263184
0.1501617432
0.2388305664
0.0216827393
0.0132293701
-0.0300598145
0.0419616699
0.1498870850
0.2520446777
-0.0769958496
-0.0510101318
-0.0664672852
0.0055541992
0.0136718750
0.0734863281
0.0222625732
-0.0209197998
-0.0880889893
-0.0254516602
0.0310516357
0.0318450928
0.0294647217
-0.0066375732
-0.0880432129
0.0501556396
0.1802368164
0.2844543457
0.0105438232
-0.1419982910
-0.0305480957
0.0946502686
0.1457824707
0.1455688477
0.0550537109
-0.0900268555
-0.0721588135
-0.0405883789
0.1000213623
0.0212707520
-0.0330810547
-0.1894836426
-0.0865478516
0.0175476074
0.0992279053
-0.0248565674
-0.0712127686
-0.0765838623
0.0047607422
0.0034484863
0.0444793701
-0.0771789551
-0.1117553711
0.0001831055
0.1461486816
0.0820617676
0.0219726562
-0.0140838623
-0.0011749268
0.1290435791
0.1405639648
0.2189331055
-0.0721435547
-0.0171661377
0.1154174805
0.1858825684
0.1845092773
0.1847991943
0.1015167236
-0.0115356445
-0.0770263672
0.1409149170
0.2452545166
0.2798004150
0.1774749756
0.0263366699
0.0075988770
0.2002105713
0.1197662354
0.1224975586
0.0904693604
0.1780853271
0.0880889893
0.0973815918
0.1690368652
0.2077331543
0.0989532471
0.1493225098
0.0857391357
0.2264099121
0.1291198730
0.1013488770
-0.0218963623
0.0716857910
0.0653381348
0.2503967285
0.1532897949
0.1085205078
-0.0313568115
0.0569915771
0.0423889160
0.1711578369
0.0740661621
0.0587158203
-0.0191802979
0.0871734619
0.0093688965
0.1000213623
0.0528564453
0.0848541260
0.0477294922
0.0358123779
-0.0671844482
0.1003875732
0.0323486328
0.0489044189
0.0312194824
0.1023406982
0.0881500244
0.1445922852
0.0637969971
0.1602325439
-0.0198364258
0.0580139160
0.1391448975
0.1430053711
-0.0136108398
0.2370605469
0.1404724121
-0.0167541504
-0.0433349609
0.0808258057
0.1053619385
0.1876068115
0.1968994141
0.0964660645
-0.0263977051
0.0417327881
0.1967620850
0.1871185303
0.1351470947
0.0921936035
0.1403198242
0.1795349121
0.1474761963
0.0365600586
0.1431732178
0.1327209473
0.2283477783
0.1495819092
0.2286224365
0.0911865234
0.0927886963
0.0902252197
0.2169189453
0.0805511475
0.1890869141
0.1270904541
0.1019287109
0.0214538574
0.1923065186
0.2087402344
0.2230529785
0.0895690918
0.0401611328
0.0897216797
0.1197204590
0.1295318604
0.0800628662
0.2193145752
0.0721740723
0.0995483398
0.0940093994
0.1174468994
0.0934600830
0.1420135498
-0.0682373047
0.1482849121
-0.0341339111
0.0874786377
0.0168762207
0.0702819824
0.0202026367
0.0753326416
0.0518798828
-0.0628662109
-0.0574035645
0.1538391113
0.1375274658
0.1004333496
-0.0830535889
-0.0325012207
0.2050323486
0.2210693359
0.2504272461
-0.0270385742
-0.1676025391
-0.1416625977
0.0621643066
0.2103118896
0.3557739258
0.0179443359
0.1031799316
-0.2683868408
-0.1145935059
0.1634216309
0.2143249512
0.0530853271
-0.0618438721
-0.1394500732
0.1877136230
0.3018798828
0.1666564941
0.0298614502
-0.0823669434
-0.0104980469
0.2506561279
0.2778472900
0.0783233643
-0.0756225586
-0.1054077148
0.1480712891
0.1878814697
0.1004791260
0.0839080811
0.0329284668
0.0247650146
0.2524414062
0.0750427246
0.2003479004
0.0695343018
0.0285034180
-0.0905303955
0.1000976562
0.0783996582
-0.0521240234
0.0378112793
0.0145111084
-0.0345306396
-0.1906433105
0.0332641602
-0.1020812988
-0.0746307373
-0.0074310303
0.0561218262
-0.1571960449
-0.1584320068
-0.2368774414
-0.0406646729
0.1904754639
0.4491882324
0.2551727295
-0.1037292480
-0.2304534912
-0.1035766602
0.2208099365
0.4408721924
0.6323699951
0.3073883057
-0.2427368164
-0.1649322510
0.0692291260
0.2859954834
0.2411804199
0.0926055908
-0.1430816650
-0.0215911865
0.2284698486
0.1656036377
0.0465545654
0.0132141113
0.0070343018
-0.0626525879
0.0965270996
0.1078033447
0.0546875000
-0.2624816895
-0.0627593994
0.0525360107
0.0161285400
0.1793518066
0.2763519287
-0.1970062256
-0.0125122070
-0.0051269531
0.0942535400
0.1044921875
0.0034790039
-0.1126251221
0.0299682617
0.0241088867
-0.0540618896
-0.0737915039
0.0634460449
0.1231079102
0.1462707520
0.1491546631
0.0791473389
0.0984191895
0.0624389648
-0.1253509521
0.0759735107
0.0360870361
0.0759277344
0.1228027344
0.3372039795
0.1252899170
-0.4089202881
-0.2477111816
0.1039428711
0.0724182129
0.1997222900
0.1127777100
-0.0099792480
-0.4751586914
-0.4261169434
-0.1412658691
0.1099853516
0.1808166504
0.2809143066
-0.2920074463
-0.6011962891
-0.3066558838
0.1695098877
0.3006286621
0.1542053223
-0.2401733398
-0.3838195801
-0.2044830322
0.3300170898
0.2780914307
0.2857208252
-0.0107269287
-0.2709350586
-0.0048828125
0.3255615234
0.1921081543
0.0699768066
-0.1388854980
-0.2272644043
0.0110931396
0.1386413574
0.0363922119
0.1403656006
0.0068511963
-0.1269226074
-0.0368041992
0.1888275146
0.2147979736
0.0484466553
-0.2196350098
-0.1139068604
0.0830078125
0.2799682617
0.1574096680
0.0217895508
-0.0868988037
0.0020294189
0.0930786133
0.2354888916
0.4006958008
0.1294250488
-0.1434173584
0.0118255615
0.1352539062
0.2448883057
0.0374908447
0.0023803711
-0.0367279053
0.0619659424
0.1756439209
0.0651702881
0.1986694336
0.1011199951
-0.0311126709
0.0387420654
0.1776885986
0.0384368896
0.0236663818
0.0935211182
0.1247253418
0.0164337158
0.0694580078
0.1989440918
0.0278015137
-0.1234893799
0.0002746582
0.0660552979
0.2463378906
0.1311950684
0.0539550781
-0.0528717041
0.0229949951
0.1114196777
0.3109283447
0.3036346436
0.0054931641
-0.1506042480
-0.0696105957
0.1136474609
0.2221374512
-0.0023803711
0.0912170410
-0.1192779541
-0.1386871338
0.2144317627
0.1759948730
0.0523529053
-0.0708312988
-0.1860961914
0.0072174072
0.0982208252
0.2281188965
0.0026855469
0.0497589111
0.0362091064
0.0188140869
0.2213897705
0.1333007812
0.1190643311
0.1540222168
0.1327819824
0.0414276123
0.3334960938
0.2541046143
0.1836090088
0.1942596436
-0.0982360840
0.1876983643
0.1916503906
0.1777954102
0.0902099609
0.1410675049
-0.0001678467
0.0018005371
0.0509338379
0.2200775146
0.1233978271
-0.0225067139
-0.0780029297
0.0480804443
-0.0085601807
0.0473480225
0.1742095947
0.1660919189
-0.0481872559
0.0122985840
0.0964965820
0.1793518066
0.1472625732
0.1242218018
0.0312957764
-0.0455017090
0.0657043457
0.2348175049
0.0709686279
0.0698547363
-0.0069122314
0.0838012695
0.0455322266
0.2084503174
0.1416931152
0.0740966797
0.0049896240
0.1482696533
0.1365661621
0.1011047363
0.1258544922
0.1007537842
0.0802764893
0.1017303467
0.1221466064
0.1090393066
0.1039581299
0.0489654541
0.0285644531
0.1162109375
0.1816711426
0.1832122803
0.0967254639
0.1302185059
0.0817718506
0.0488128662
0.1469268799
0.2017364502
0.2263488770
0.2199249268
0.2400207520
0.1470642090
0.1045989990
0.1500091553
0.1571807861
0.1850433350
0.1663818359
0.1497650146
0.1286163330
0.1770782471
0.3497009277
0.3280792236
0.2792663574
-0.0889587402
-0.1406555176
0.0642700195
0.1780395508
0.1700134277
0.1641998291
0.0489349365
0.0121612549
-0.0832824707
0.0641632080
0.1525573730
0.2276458740
0.1098022461
0.0391235352
-0.0879821777
-0.0088958740
-0.0458221436
0.0136566162
-0.0587158203
-0.0347290039
-0.2182922363
-0.1158294678
-0.0971984863
-0.0352630615
-0.0416717529
0.0377197266
-0.0317230225
0.0380859375
-0.1956634521
-0.0791625977
-0.0143280029
0.1327819824
0.1402587891
0.0057525635
0.0000610352
0.1191558838
0.1410064697
0.1372222900
0.1543579102
0.0716705322
-0.0551910400
0.0016784668
0.1960449219
0.1426086426
0.0784149170
-0.0414733887
-0.0536804199
-0.0137176514
0.1959533691
0.1660919189
0.0738983154
-0.0646820068
0.0859985352
0.1567077637
0.0765228271
-0.1799926758
-0.1271514893
-0.0007781982
0.0327453613
0.0549774170
0.0874938965
0.0989379883
-0.0036010742
0.0762634277
0.0798797607
0.2305755615
0.2008514404
0.1784667969
0.0257263184
0.1800384521
0.1691894531
0.2158813477
0.0507812500
0.1576690674
0.1315002441
0.2139434814
0.1291198730
0.1345214844
0.0690307617
0.1355438232
0.1004791260
0.1745910645
0.1725463867
0.1081848145
-0.1182098389
-0.1184997559
0.1641693115
0.1132965088
0.0923767090
0.0359649658
-0.0072021484
-0.1356811523
0.0066070557
0.1003875732
0.1008453369
-0.1537322998
-0.0186614990
-0.0668182373
0.0636138916
0.0684967041
0.0673675537
-0.0546569824
-0.0748138428
-0.1035003662
0.0906982422
0.0802001953
0.0154418945
-0.0402984619
-0.0117034912
-0.0000152588
0.0220489502
0.0631713867
0.1282501221
0.1297302246
0.0066528320
0.1710662842
0.0211944580
0.1874847412
0.0300903320
0.3170318604
0.2103118896
0.0898742676
-0.0119781494
-0.0107116699
0.0488281250
0.0828094482
0.1605529785
0.1133422852
-0.0711822510
0.0013427734
0.0582885742
0.1528930664
0.0370788574
0.1066436768
-0.0488281250
0.0463714600
-0.0323638916
-0.0076599121
-0.0695800781
0.0439605713
-0.0499572754
0.0473480225
-0.0268096924
0.0158538818
0.0587768555
0.1406402588
0.0176239014
-0.0512847900
0.0394744873
0.1707611084
0.0538482666
-0.0421905518
-0.0064849854
0.0454406738
0.0693359375
0.1546478271
0.1787719727
0.0753021240
0.0670623779
0.1243743896
0.3901824951
0.2076416016
0.1699676514
-0.0118255615
0.2490692139
0.1875305176
0.2347869873
0.1917266846
0.2964172363
0.0468902588
0.0026397705
0.0593566895
0.0481567383
0.0474243164
0.0612335205
0.0202026367
