0.0010681152
0.1006469727
0.0476074219
0.0998382568
0.0410614014
0.0595855713
0.0478057861
0.0940856934
0.0476989746
0.0863189697
0.0714569092
0.0832214355
0.0400085449
0.0993041992
0.0213928223
0.0696716309
0.0589294434
0.1238403320
0.0561523438
0.0721588135
0.0410308838
0.0669097900
0.0330352783
0.0616607666
0.0833282471
0.0400543213
0.1072692871
0.0408020020
0.0417480469
0.0246429443
0.0690612793
0.0826873779
0.0320434570
0.0730895996
0.0263366699
0.0455627441
0.0651855469
0.0809783936
0.0521392822
0.0734252930
0.0604553223
0.0632476807
0.0226745605
0.0958251953
0.0782318115
0.0690460205
0.0942993164
0.0414581299
0.0653839111
0.0824737549
0.0815734863
0.0496368408
0.0643615723
0.0642395020
0.0405731201
0.0895080566
0.0683135986
0.0329437256
0.0412139893
0.0565032959
0.0590362549
0.0851593018
0.0464172363
0.0671234131
0.0308227539
0.0855102539
0.0425262451
0.0595245361
0.0467987061
0.0677490234
0.0533447266
0.0483703613
0.0968780518
0.0441894531
0.0828857422
0.0649871826
0.0399627686
0.0647735596
0.0694274902
0.0784606934
0.0585174561
0.0355377197
0.0837554932
0.0405426025
0.0319213867
0.0922088623
0.0429382324
0.0674591064
0.0522613525
0.0487823486
0.0559692383
0.0599975586
0.0651092529
0.0626525879
0.0491485596
0.0926971436
0.0479125977
0.0636444092
0.0711669922
0.0767059326
0.0628509521
0.0632476807
0.0767974854
0.0877838135
0.0258483887
0.0905456543
0.0714874268
0.0603485107
0.0913391113
0.0448608398
0.0721893311
0.0757293701
0.0590972900
0.0599670410
0.0437774658
0.0468292236
0.0599517822
0.0554504395
0.0738525391
0.0373535156
0.0555725098
0.0561676025
0.0384063721
0.0582733154
0.0796966553
0.0552825928
0.0141296387
0.0527648926
0.1075897217
0.0919799805
0.0575103760
0.0307006836
0.0692749023
0.0473327637
0.0824737549
0.0750732422
0.0723266602
0.0152587891
0.0779876709
0.0614471436
0.0831756592
0.0756530762
0.0586090088
0.0494995117
0.0556945801
0.1002807617
0.0827789307
0.0398101807
0.0627136230
0.0609130859
0.0548248291
0.0661468506
0.0505523682
0.0237121582
0.0880737305
0.1208801270
0.0627136230
0.0350189209
0.0757293701
0.0683746338
0.0882720947
0.0498657227
0.0740203857
0.0463256836
0.0752410889
0.1003265381
0.0716857910
0.0417633057
0.0238952637
0.0339355469
0.0716705322
0.0601501465
0.0477447510
0.0499267578
0.0876464844
0.0231018066
0.0717315674
0.0517730713
0.0518951416
0.0525207520
0.0565490723
0.0593414307
0.0650787354
0.0902862549
0.0791320801
0.0172882080
0.0645141602
0.0372161865
0.0977325439
0.0890350342
0.0705718994
0.0516204834
0.1210632324
0.1140594482
0.0257720947
0.0726928711
0.0918579102
0.0541076660
0.0316162109
0.0779724121
0.0570983887
0.1019287109
0.0831298828
0.0386352539
0.0417633057
0.0107879639
0.0725250244
0.0816345215
0.1088867188
0.0519561768
0.1000976562
0.0632781982
0.0614624023
0.0602874756
0.0709533691
0.0301208496
0.0595550537
0.1000366211
0.0412750244
0.0549011230
0.0690612793
0.0866394043
0.0585479736
0.0439147949
0.0251312256
0.0576477051
0.0509490967
0.0949859619
0.0570678711
0.0074462891
0.0735778809
0.0902404785
0.0564422607
0.0588073730
0.0657196045
0.0522918701
0.0678253174
0.1272277832
0.0487670898
0.0895233154
0.0425720215
0.0601959229
0.0762176514
0.0464324951
0.0601501465
0.0532836914
0.0492706299
0.0590209961
0.0477447510
0.0364074707
0.0511474609
0.0186309814
0.1027526855
0.0353088379
0.0674133301
0.0395965576
0.0662384033
0.0300903320
0.0915527344
0.0184326172
0.0811920166
0.0488433838
0.0193634033
0.1021881104
0.0725250244
0.0509490967
0.0499725342
0.0632171631
0.0917205811
0.0571289062
0.0860748291
0.0540618896
0.0480957031
0.0511322021
0.1073913574
0.0500946045
0.0136871338
0.0608673096
0.0714874268
0.0731048584
0.0580291748
0.0780181885
0.0159912109
0.0651397705
0.0931396484
0.0612335205
0.0431671143
0.0450286865
0.0585632324
0.1426544189
0.0474853516
0.0553131104
0.0714111328
0.0524291992
0.0718383789
0.1112518311
0.0736694336
0.0300445557
0.0922546387
0.0051116943
0.0977172852
0.0670013428
0.0515594482
0.0666046143
0.0475006104
0.0763092041
0.0693511963
0.0481567383
0.0691833496
0.0155792236
0.0880889893
0.0706329346
0.0464782715
0.0431365967
0.0866394043
0.0876464844
0.0923614502
0.0770874023
0.0331115723
0.0560150146
0.0839080811
0.0810852051
0.0797119141
0.0228424072
0.0885162354
0.1053771973
0.0733337402
0.0674896240
0.0330047607
0.0835418701
0.0371246338
0.0858154297
0.0754699707
0.0348358154
0.0527191162
0.0755920410
0.0435180664
0.0937500000
0.0552978516
0.0737304688
0.0595855713
0.0482635498
0.0915985107
0.0796356201
0.0046691895
0.0593109131
0.0698242188
0.1059875488
0.0409088135
0.0480041504
0.0609436035
0.1110687256
0.0801239014
0.0352325439
0.0619659424
0.0162811279
0.0725402832
0.0727081299
0.0652923584
0.0466461182
0.0554199219
0.0234527588
0.0704345703
0.0532684326
0.0412597656
0.0567016602
0.0695953369
0.0153045654
0.0897521973
0.0638122559
0.0672760010
0.0749053955
0.0660705566
0.0595245361
0.0814056396
0.0346374512
0.0839538574
0.0564422607
0.0688781738
0.0435791016
0.0222625732
0.0714111328
0.0989990234
0.0889129639
0.0325164795
0.0285949707
0.0363769531
0.1096496582
0.0927429199
0.0196533203
0.0508117676
0.0477142334
0.0976562500
0.0805664062
0.0617065430
0.0751190186
0.0862274170
0.0716552734
0.0886230469
0.1129913330
0.0475769043
0.0505371094
0.0494232178
0.0722808838
0.1058959961
0.0493774414
0.0724945068
0.0595092773
0.0606536865
0.0450134277
0.0711517334
0.0344390869
0.0722656250
0.0541076660
0.0569305420
0.0469512939
0.0713958740
0.0654907227
0.0710754395
0.0912322998
0.0274810791
0.0693206787
0.0517425537
0.0721282959
0.0994873047
0.0461730957
0.0771484375
0.0702209473
0.0870819092
0.0536041260
0.0718078613
0.0614471436
0.0327911377
0.0627899170
0.0574188232
0.0581970215
0.0618286133
0.0495147705
0.0630798340
0.0821838379
0.0287017822
0.0739440918
0.0682220459
0.0542755127
0.0450897217
0.1016693115
0.0727996826
0.0703430176
0.0605926514
0.0657653809
0.0967712402
0.0724182129
0.0855102539
0.0441894531
0.1165008545
0.0767822266
0.0355682373
0.0750122070
0.0618133545
0.0519561768
0.0865173340
0.0878143311
0.0511169434
0.0682983398
0.0844268799
0.0606079102
0.0502777100
0.0636444092
0.0658111572
0.0695953369
0.0488739014
0.0794830322
0.0678558350
0.0921783447
0.0579223633
0.0529174805
0.0874481201
0.0713653564
0.0686340332
0.0681610107
0.0698852539
0.1037902832
0.0667114258
0.0637054443
0.0968170166
0.0640869141
0.1002044678
0.0616302490
0.0818634033
0.0839538574
0.1212158203
0.0495605469
0.0917510986
0.0885314941
0.1065368652
0.0941467285
0.1009979248
0.1021881104
0.0753173828
0.1434326172
0.1235961914
0.0724029541
0.0538635254
0.0977630615
0.0948181152
0.1359100342
0.0785827637
0.0819396973
0.0765228271
0.1147460938
0.0983428955
0.0884857178
0.0945129395
0.0681304932
0.0661163330
0.0801544189
0.1085205078
0.0679321289
0.0829467773
0.1245574951
0.1162719727
0.0889434814
0.0779876709
0.0782775879
0.0673522949
0.0838775635
0.0792694092
0.0929718018
0.1112213135
0.0746459961
0.0536041260
0.1001281738
0.0745849609
0.0799560547
0.0737304688
0.0743865967
0.0709075928
0.0603027344
0.0840148926
0.0686798096
0.0994110107
0.0880126953
0.0874328613
0.1134033203
0.0745849609
0.1107482910
0.0971679688
0.1158142090
0.0796051025
0.0982360840
0.0957794189
0.1099548340
0.1479949951
0.0880432129
0.0594940186
0.0999298096
0.0897521973
0.0686035156
0.0849456787
0.0669860840
0.0629425049
0.0690155029
0.0547027588
0.0809020996
0.0409240723
0.0763854980
0.0616607666
0.1078186035
0.0770721436
0.0427856445
0.0673370361
0.0840759277
0.0871887207
0.0798339844
0.0996093750
0.0925903320
0.1073150635
0.1016693115
0.1027526855
0.0547790527
0.0842742920
0.0820922852
0.1000366211
0.1039276123
0.1055603027
0.0368041992
0.1006011963
0.0948944092
0.0751342773
0.0771942139
0.0813598633
0.0861816406
0.0806884766
0.0930938721
0.1040039062
0.0553283691
0.0643920898
0.0757904053
0.0965881348
0.0826721191
0.0805206299
0.0973205566
0.1079711914
0.0577545166
0.0813140869
0.0791015625
0.0898590088
0.0789337158
0.1036987305
0.1051940918
0.0413818359
0.1007690430
0.0381164551
0.0996398926
0.0483856201
0.0818176270
0.0990142822
0.1059112549
0.0967712402
0.0757904053
0.0628814697
0.0713348389
0.1054687500
0.0804901123
0.0715637207
0.1033630371
0.1033020020
0.0576477051
0.0904083252
0.0750122070
0.0874481201
0.0724029541
0.0795135498
0.0578765869
0.0935516357
0.0874176025
0.0448455811
0.1153259277
0.0696716309
0.0435333252
0.0670166016
0.1047363281
0.0693664551
0.0973968506
0.0702209473
0.0627593994
0.0502624512
0.0577697754
0.0877532959
0.1106872559
0.0879669189
0.0454101562
0.0966491699
0.1130218506
0.0939025879
0.0525054932
0.1024475098
0.0791015625
0.0664978027
0.0779876709
0.0904235840
0.1030120850
0.0750732422
0.0755462646
0.0988464355
0.0898895264
0.0747833252
0.0664825439
0.0529174805
0.0992584229
0.1048889160
0.0649719238
0.0384521484
0.0550079346
0.0824279785
0.0487213135
0.0846557617
0.0911102295
0.0630187988
0.0633850098
0.0472869873
0.0671539307
0.1033935547
0.0839996338
0.0777282715
0.0517730713
0.1009368896
0.0661621094
0.0614624023
0.0999908447
0.0660552979
0.0319671631
0.0863037109
0.0653991699
0.0723724365
0.1012115479
0.0736236572
0.0669097900
0.0913238525
0.0596923828
0.0619964600
0.0910797119
0.0711059570
0.0447692871
0.0892486572
0.1262207031
0.1253204346
0.0624847412
0.0149078369
0.1032104492
0.1188659668
0.1228027344
0.0803222656
0.0918426514
0.0116424561
0.1004791260
0.1036224365
0.0965881348
0.0542755127
0.0428619385
0.0726470947
0.0820617676
0.1274261475
0.0340881348
0.0598602295
0.0104522705
0.1062622070
0.0584716797
0.1091461182
0.0932617188
0.0669555664
0.0842742920
0.0612487793
0.1244506836
0.0750274658
0.0657806396
0.0868988037
0.1026763916
0.0802459717
0.0785217285
0.1180572510
0.0718688965
0.0604705811
0.0225372314
0.1009979248
0.1352996826
0.0679168701
0.0836181641
0.0461578369
0.0703277588
0.0710601807
0.0993957520
0.0962371826
0.0475463867
0.0885467529
0.0884857178
0.1096496582
0.0779418945
0.0758056641
0.0747985840
0.0994720459
0.0748443604
0.0896148682
0.0829315186
0.0874786377
0.0860443115
0.0765228271
0.0736389160
0.0491943359
0.0756530762
0.0677642822
0.0662231445
0.0890350342
0.0617675781
0.0588073730
0.0506134033
0.0776672363
0.0505065918
0.0832824707
0.0607604980
0.0891571045
0.0568695068
0.0857696533
0.0967407227
0.0742797852
0.1140594482
0.0484313965
0.0687866211
0.1105194092
0.0889282227
0.0847930908
0.0488433838
0.0543060303
0.0652008057
0.1083831787
0.1126251221
0.0553283691
0.0532379150
0.0408477783
0.0642395020
0.1324005127
0.0817718506
0.0490264893
0.0346221924
0.0915222168
0.0624084473
0.1144104004
0.0827789307
0.0557403564
0.0790557861
0.0626678467
0.1197052002
0.1019287109
0.0671997070
0.0579071045
0.0865478516
0.0884704590
0.0988006592
0.0680389404
0.0771331787
0.0612792969
0.0902557373
0.0384674072
0.0752258301
0.0743103027
0.0530853271
0.0588073730
0.0885314941
0.0651397705
0.0704803467
0.0767211914
0.0959625244
0.0420227051
0.0905303955
0.0540771484
0.0821075439
0.1372222900
0.0459594727
0.0605621338
0.0787048340
0.0924377441
0.0572509766
0.0992279053
0.0613861084
0.0644378662
0.0522766113
0.0647735596
0.1079559326
0.0936126709
0.0608062744
0.0700531006
0.0723114014
0.0781402588
0.0485382080
0.0846099854
0.0707702637
0.1010437012
0.0458679199
0.0765075684
0.0511169434
0.1353759766
0.0882110596
0.0750885010
0.0943450928
0.0899353027
0.0761566162
0.0826110840
0.1146697998
0.0428924561
0.0765075684
0.0448455811
0.1126098633
0.0827331543
0.0343017578
0.0841369629
0.0849456787
0.0867309570
0.0630340576
0.0579528809
0.0532073975
0.0645446777
0.0811309814
0.0989227295
0.0791778564
0.0698242188
0.0702514648
0.1016845703
0.1220855713
0.0672912598
0.0629882812
0.0639343262
0.0970916748
0.1002960205
0.0776214600
0.0664825439
0.0902862549
0.0569610596
0.0952301025
0.0552825928
0.0817565918
0.0435028076
0.0688171387
0.0959014893
0.0818328857
0.0261230469
0.0802154541
0.0889587402
0.1264953613
0.0550689697
0.1003265381
0.0902099609
0.0879364014
0.0640411377
0.0793762207
0.0779266357
0.1235961914
0.1078338623
0.1029510498
0.0903472900
0.0396423340
0.1070404053
0.0824127197
0.0989379883
0.0426940918
0.0559539795
0.0676422119
0.1208190918
0.0872039795
0.0468597412
0.0475921631
0.0376739502
0.0720672607
0.0791931152
0.1035003662
0.0683593750
0.0517883301
0.0917510986
0.0960083008
0.1050415039
0.0771484375
0.0908660889
0.1124114990
0.1024627686
0.0983276367
0.0414886475
0.1071166992
0.0541229248
0.0501403809
0.0727233887
0.0617980957
0.1231994629
0.0625610352
0.0867462158
0.0738983154
0.0592651367
0.0625915527
0.0837707520
0.0440216064
0.0899353027
0.0955963135
0.0805969238
0.0730743408
0.0811004639
0.0860137939
0.1071624756
0.0985107422
0.0590820312
0.1031341553
0.1011962891
0.1105651855
0.0934600830
0.0728302002
0.0855102539
0.1440429688
0.0517883301
0.1080932617
0.0657501221
0.0748901367
0.0826416016
0.0784149170
0.0695953369
0.1008758545
0.0512847900
0.0301818848
0.1087188721
0.0729522705
0.1248931885
0.1132354736
0.0507354736
0.0802612305
0.1000671387
0.0912170410
0.1052551270
0.0945892334
0.0837554932
0.0822448730
0.0849456787
0.0887603760
0.0923156738
0.1096496582
0.0853271484
0.0428771973
0.0588684082
0.1174774170
0.0936126709
0.0879821777
0.0467376709
0.0623016357
0.0188598633
0.1136932373
0.0767669678
0.1315307617
0.0858459473
0.0713500977
0.0660247803
0.0828094482
0.0817871094
0.1367950439
0.0716247559
0.0751342773
0.1141815186
0.0989074707
0.0900268555
0.1058959961
0.0580444336
0.0521850586
0.1049804688
0.1010742188
0.1028289795
0.0713806152
0.0567626953
0.0633087158
0.0896301270
0.0683288574
0.0669097900
0.0588989258
0.1039733887
0.1257476807
0.0545654297
0.0870819092
0.0682373047
0.0763854980
0.0891113281
0.1060180664
0.0649871826
0.0826110840
0.1214447021
0.1292114258
0.0770416260
0.0541839600
0.0488128662
0.0666809082
0.0739898682
0.1404418945
0.0695800781
0.0444641113
0.0574645996
0.0401306152
0.1024780273
0.1061096191
0.0433044434
0.0251770020
0.1071472168
0.0840301514
0.1071319580
0.0832519531
0.0564727783
0.0747222900
0.0965728760
0.0955200195
0.0866851807
0.0802001953
0.0854339600
0.0883178711
0.0736541748
0.0889282227
0.0437774658
0.0588226318
0.1060638428
0.0538787842
0.0538482666
0.0603332520
0.0675354004
0.0639343262
0.0508728027
0.0817413330
0.0270538330
0.1029968262
0.0151367188
0.0736541748
0.0796203613
0.0638275146
0.0173034668
0.0898742676
0.0858917236
0.0941772461
0.0910186768
0.0452270508
0.0628814697
0.0892181396
0.0955505371
0.0588378906
0.0685882568
0.0558624268
0.0754394531
0.0657196045
0.1052093506
0.0959014893
0.0696411133
0.0596160889
0.0997314453
0.0644378662
0.0602111816
0.0990753174
0.0976867676
0.0749511719
0.0989990234
0.0774688721
0.0984497070
0.0909271240
0.1145019531
0.1201171875
0.0800323486
0.0701904297
0.0450897217
0.1147460938
