-0.1475677490
-0.0598297119
-0.0111389160
0.0009002686
-0.0484008789
-0.0850677490
-0.0864562988
-0.0498962402
-0.0648193359
-0.0647583008
-0.0618743896
-0.0570220947
-0.0348052979
-0.0345764160
-0.0493774414
-0.0717315674
-0.0807800293
-0.0994567871
0.1147613525
0.1114654541
-0.1452026367
-0.1359252930
-0.1105499268
0.0153350830
0.0130462646
-0.0179138184
-0.1169433594
-0.1008148193
-0.0881652832
-0.0110473633
0.0250854492
-0.0519104004
-0.0762634277
-0.0888214111
-0.0650177002
-0.0341033936
-0.0002593994
-0.0054168701
-0.0538787842
-0.0631408691
-0.0593719482
-0.0191802979
-0.0021972656
-0.0423431396
-0.0503997803
-0.0449218750
-0.0134429932
-0.0057830811
-0.0393066406
-0.1455383301
0.0514526367
0.3083953857
-0.1449279785
-0.1646728516
-0.1546173096
0.0055999756
0.0651397705
0.0290374756
-0.0302124023
-0.1209716797
-0.1935729980
-0.1696319580
0.0697021484
0.1047210693
0.0251922607
-0.0651550293
-0.1840820312
-0.1136627197
0.0197143555
0.0242767334
0.0195312500
-0.1275024414
-0.2126922607
-0.1813354492
-0.0892944336
0.1889038086
0.0927886963
-0.1187896729
-0.1389160156
-0.1027679443
-0.0183105469
0.1410522461
0.2328948975
-0.0901336670
-0.0946044922
-0.0911560059
0.0780792236
0.1601867676
0.1110076904
0.0228271484
-0.0704803467
-0.0862426758
-0.0188751221
0.1769866943
0.1405792236
0.0825653076
-0.0465698242
-0.0079193115
0.0708465576
0.1296844482
0.1441345215
0.0574188232
0.0422973633
0.0377960205
0.1135101318
0.1011810303
0.1046905518
0.0897827148
0.1023101807
0.1113281250
0.0909576416
0.1101531982
0.4038391113
0.1571197510
-0.0374908447
-0.0930938721
-0.0059509277
0.1811523438
0.2465362549
0.1107330322
0.0272521973
-0.1180725098
-0.0128021240
0.2479705811
0.3945159912
0.3488464355
-0.0578613281
-0.1752624512
-0.1257019043
0.1768798828
0.2976531982
0.1209106445
0.0787048340
-0.0876007080
0.0294036865
0.0597686768
0.1370086670
0.0716094971
-0.0207672119
-0.0458374023
0.0024261475
0.0402374268
0.2844848633
0.0510864258
0.0574188232
-0.0891876221
-0.0084075928
0.0783996582
0.2310943604
0.0440521240
0.0724487305
-0.0643768311
0.0873107910
0.1859741211
0.1524810791
0.0825805664
0.0234527588
0.0204010010
0.0694274902
0.1578979492
0.1691894531
0.1323242188
0.0307617188
-0.0274658203
0.0554809570
0.0904846191
0.1421356201
0.1081542969
0.0480194092
0.0309295654
-0.0253601074
0.2249450684
0.2362518311
0.0420989990
0.1697082520
0.0021209717
-0.0855255127
0.0159759521
0.0664672852
0.0519561768
-0.0188293457
-0.0060119629
0.0162048340
0.0423126221
0.0502777100
0.0051879883
0.1205596924
0.0791931152
0.0554809570
0.0873718262
0.0567626953
0.1365814209
0.0921936035
0.1775970459
0.0894470215
0.1585998535
0.1201629639
0.2146606445
0.1177673340
0.1649017334
0.0419921875
0.2671508789
0.0943603516
0.1325988770
0.0212249756
0.0798645020
0.1282653809
0.1339874268
0.0920410156
-0.0142669678
-0.0328216553
0.1374359131
0.1696319580
0.1768188477
-0.0661468506
-0.1323852539
-0.1326141357
-0.0517425537
0.0701751709
0.1134948730
0.1106567383
-0.0086364746
-0.0023345947
-0.0528259277
0.0023803711
-0.0389862061
-0.0282897949
0.0948638916
0.0313873291
0.0925598145
0.1125030518
0.2001037598
0.2295989990
0.1278991699
0.1539611816
0.0924072266
0.1840362549
0.0445556641
0.0778808594
0.0430755615
0.1238555908
0.1086578369
0.1204681396
0.0345611572
0.0897979736
0.1112213135
0.1017761230
0.0710906982
0.0084686279
0.0339660645
-0.0270233154
0.0696716309
0.0308380127
0.0501403809
0.0219726562
0.0424194336
0.0426483154
0.0288085938
-0.0527801514
-0.0387878418
0.2708892822
0.0612030029
-0.0326385498
-0.1425781250
-0.1019439697
0.0581970215
0.0660095215
-0.0683593750
-0.0898590088
-0.0902862549
0.0313110352
0.0483551025
-0.0558319092
-0.1877593994
0.0083312988
0.0611724854
-0.0503540039
-0.0740966797
-0.2085418701
-0.0632171631
-0.0402221680
-0.0061798096
-0.1072387695
-0.0798797607
-0.0874938965
-0.1398468018
-0.0872039795
0.0247039795
0.0769805908
-0.0938262939
-0.0606079102
-0.1028442383
-0.0296936035
0.0589599609
0.0252838135
-0.0820770264
-0.0362701416
0.0111694336
0.0229187012
0.0514221191
-0.0301971436
-0.0232849121
0.0048522949
-0.0012664795
0.0073547363
-0.0071716309
0.0076904297
-0.0113067627
-0.0317993164
-0.0242004395
-0.0395660400
-0.0364837646
-0.0415954590
-0.1309204102
0.0072784424
0.1640930176
-0.1274414062
-0.0818328857
-0.1847229004
-0.1166534424
0.1281585693
0.2079772949
-0.1455993652
-0.2187652588
-0.2756347656
-0.0804901123
-0.0204772949
-0.0552368164
-0.1304473877
-0.2493286133
-0.1493377686
-0.1606140137
-0.0819396973
-0.0820312500
-0.1100921631
-0.1699829102
-0.1078796387
-0.0848388672
-0.0746154785
-0.0948028564
-0.0178375244
0.0339660645
-0.0968627930
-0.0150299072
-0.0181579590
-0.0139007568
0.0256042480
0.0069580078
0.1004180908
0.0362548828
-0.0318145752
-0.0727691650
0.0299835205
0.0377807617
0.0309448242
0.0568695068
0.0085449219
0.0105285645
0.0223236084
0.0484771729
0.0443115234
0.0084991455
0.0281829834
0.1007690430
0.1210479736
-0.0160980225
0.1017303467
-0.1647491455
0.1104125977
0.1353912354
0.0709075928
0.0057373047
-0.0517578125
-0.0653076172
0.0323333740
0.0999450684
0.0881042480
-0.0326385498
-0.0668334961
-0.0324707031
0.0283203125
0.0512237549
0.0303802490
-0.0020904541
-0.0477600098
0.0020294189
0.0048828125
0.0258331299
0.0288543701
0.0515136719
0.0189056396
-0.1404571533
0.0191497803
0.0051727295
0.0475311279
0.0624084473
0.0451965332
-0.0049285889
0.0071716309
0.0736999512
0.0818176270
0.0054473877
0.0465393066
0.0675354004
0.0522460938
0.0778350830
0.0716705322
0.0003967285
0.1100921631
0.0848388672
0.0992584229
0.1040496826
0.0627899170
0.0664367676
0.0376739502
0.2275695801
0.0603942871
0.1358337402
0.0156402588
0.0694427490
0.0577392578
0.0674438477
0.0472412109
0.0469207764
0.0012054443
0.0384368896
0.0829010010
0.0487365723
0.0360717773
0.0228576660
0.0333709717
0.0320434570
0.0502624512
0.0750579834
0.0711517334
0.0724182129
0.0606231689
0.0574645996
0.1148986816
0.1519317627
0.0178985596
0.1495208740
0.0892944336
0.1335449219
0.1800689697
0.1458892822
0.1203613281
0.1636810303
0.2939910889
0.1830596924
0.0240631104
0.0170593262
0.1548004150
0.2541198730
0.1757507324
0.1640167236
0.0179138184
0.0536346436
0.1446533203
0.1987152100
0.1395721436
0.0737457275
0.0192413330
0.0199432373
0.2230834961
0.0946960449
0.1702880859
0.0180358887
0.0399627686
0.0435485840
0.0582733154
-0.0123596191
0.0734252930
0.1174316406
0.2241363525
0.1399230957
0.0048675537
0.0426483154
0.0300140381
0.1587219238
0.1270446777
0.1718597412
0.1454315186
0.1184234619
0.1328582764
0.1365051270
0.1640472412
0.1499481201
0.1258544922
0.0860443115
0.0295562744
0.3113403320
0.5023651123
0.1838378906
0.0872039795
0.0630035400
0.0837707520
0.3627014160
0.3864288330
0.3981170654
0.3451843262
0.0903167725
0.0814666748
0.1650390625
0.2671356201
0.2243652344
0.2700653076
0.1539001465
0.1190643311
0.2120056152
0.1997680664
0.1576080322
0.1338653564
0.0615844727
0.0224761963
0.4165496826
0.3042602539
0.1296997070
0.0395507812
0.0661468506
0.0954437256
0.3619232178
0.3127288818
0.1824035645
-0.0210723877
-0.0413208008
0.0458526611
0.1748352051
0.1808776855
0.1377563477
0.0378723145
-0.0011596680
0.0619201660
0.0413055420
0.1344909668
0.1814727783
0.1662902832
0.1577148438
-0.2399139404
-0.1211395264
-0.0130004883
0.3476715088
0.2159118652
0.0879669189
-0.3125305176
-0.1137237549
0.1177825928
0.0670471191
-0.1579895020
-0.0104217529
0.0413513184
0.1754150391
0.4026489258
0.1668701172
-0.1281127930
-0.1748504639
-0.1234436035
0.1419830322
0.5369567871
0.4806213379
0.2378234863
0.0321350098
-0.0957794189
0.1079559326
0.3371429443
0.3554534912
0.3387298584
0.3188476562
-0.1469421387
-0.1010437012
0.2412872314
0.3186035156
0.2610778809
0.2775115967
0.0576782227
-0.0414428711
0.1954345703
0.3724212646
0.2809448242
0.0579071045
-0.0143890381
0.0459747314
0.1448822021
0.2856903076
0.2471771240
0.0737609863
-0.0303649902
0.0807800293
0.2080535889
0.1578674316
0.1838836670
0.0837249756
0.0430297852
0.0672149658
0.1236267090
0.3440856934
0.2618103027
0.4826507568
0.1291351318
-0.2402038574
-0.1728057861
0.1143035889
0.2133026123
0.3563385010
0.2751617432
0.0464019775
-0.1672210693
-0.1150207520
0.1215362549
0.2126770020
0.1328887939
0.0841369629
-0.0949554443
-0.0139465332
0.1119995117
0.2524871826
0.1522369385
0.0182647705
-0.1159515381
0.0200042725
0.2056732178
0.2320404053
0.1616668701
0.0641479492
-0.1280975342
-0.1554870605
0.0587921143
0.1386566162
0.1767730713
0.2180328369
0.1150970459
-0.0880584717
-0.1222381592
0.1752166748
0.2768249512
0.4075012207
0.1753540039
-0.1317901611
-0.1303558350
-0.1633605957
0.1037139893
0.3648834229
0.3070220947
-0.0815429688
-0.2783966064
-0.1827850342
0.0276031494
0.1607055664
0.0851135254
-0.1172180176
-0.2143859863
-0.1538543701
0.0612945557
0.1477050781
0.0267486572
-0.0870361328
-0.1744537354
-0.0489044189
0.0950317383
0.1050415039
0.0482025146
-0.0539245605
-0.0178375244
0.0450744629
0.1255035400
0.1283111572
0.0657043457
0.0285034180
0.0495452881
0.1001586914
0.0260009766
0.0075073242
0.1971740723
0.3183288574
-0.0402679443
-0.0190124512
-0.0318298340
0.1518249512
0.1086273193
0.1773529053
0.0715484619
0.1391754150
0.0408782959
-0.0702667236
0.1459350586
-0.0445098877
0.1104431152
0.0441741943
0.1044616699
0.1589050293
0.0982055664
0.0676116943
0.0171661377
0.2823486328
0.1923675537
0.1779022217
0.2196197510
-0.0406036377
0.1778411865
0.2708129883
0.1509552002
0.0057983398
0.0061798096
0.2557067871
0.2291107178
0.0596923828
-0.0232849121
-0.0968475342
0.0006713867
0.0742340088
0.1365509033
0.0532531738
-0.0333404541
-0.1230926514
-0.0321502686
0.0309448242
0.0889739990
0.0810089111
-0.0084838867
-0.0415344238
0.0130157471
0.2019653320
0.1569366455
-0.2816772461
-0.0713958740
0.0288696289
-0.0106506348
0.3647613525
0.0367279053
-0.1631622314
-0.1012420654
0.1983032227
0.3291778564
0.4464416504
0.3238983154
-0.4769897461
-0.1522369385
0.0441284180
0.3916931152
0.5469207764
0.3106079102
-0.0622406006
-0.0551757812
0.0009918213
0.3423767090
0.2154693604
0.1096343994
0.0899658203
0.0657196045
0.0947113037
0.1541748047
0.3804473877
0.0982971191
-0.2180938721
0.0727233887
0.1248626709
0.0587921143
0.1335754395
-0.0147857666
-0.1441497803
0.0169677734
0.1305999756
-0.1099243164
-0.0193634033
0.3882904053
0.2611083984
-0.2155456543
-0.2070007324
-0.1131591797
0.0882110596
0.2828674316
0.1975555420
0.0197296143
-0.1457519531
-0.1692962646
0.0587158203
0.2318725586
0.1760711670
0.0525054932
0.0563812256
0.0367279053
-0.1589965820
-0.1983795166
-0.0382843018
0.1282958984
0.1479492188
-0.0099487305
0.1853790283
-0.4085845947
-0.2889862061
0.2282867432
0.2702941895
-0.1343688965
-0.1145019531
-0.1999206543
0.0026702881
0.1445922852
0.2009887695
0.0126953125
0.0311126709
-0.0550231934
0.0166931152
0.1668090820
0.1703338623
0.0939636230
-0.0371551514
-0.0049285889
0.0562133789
0.1860961914
0.1558685303
0.0249176025
0.0288848877
0.1839752197
0.2147064209
-0.2661437988
-0.1300354004
0.0597686768
0.0294799805
0.2839660645
0.0814971924
-0.2348480225
-0.1242675781
0.0962219238
0.0466613770
0.0895385742
0.3585815430
-0.0681152344
-0.3146514893
-0.0590972900
0.2086791992
0.3723297119
0.1644134521
-0.1370239258
-0.1454315186
-0.0154724121
0.0519866943
0.2643585205
0.1275329590
0.0213470459
-0.1075592041
0.0216979980
0.1383514404
0.1856689453
0.2108917236
0.1871643066
-0.1191864014
-0.0711364746
0.0076751709
0.1492614746
0.1804351807
-0.0073089600
-0.0131683350
-0.0617675781
0.0222015381
-0.0769042969
-0.0120239258
0.2442321777
0.2675323486
-0.1901855469
-0.1671752930
-0.1181182861
0.1107177734
0.1950988770
0.1404266357
0.0248413086
-0.0663909912
-0.0645599365
0.0596923828
0.1775970459
0.1282196045
0.0836486816
-0.0024871826
-0.0132751465
0.0867309570
0.3423156738
0.0063934326
-0.1063079834
0.0980987549
0.1193695068
0.1815185547
-0.0282135010
-0.0373687744
0.2401885986
0.2104339600
0.2095489502
-0.3090209961
-0.1701965332
-0.0945281982
0.2932739258
0.4311676025
0.2754058838
-0.0460052490
-0.2550964355
-0.1412506104
0.1210632324
0.2881011963
0.2921295166
0.0282745361
-0.0611419678
0.0039672852
0.0703887939
0.2189483643
0.1608123779
0.0243835449
0.1116180420
0.2148742676
0.3352661133
0.0388336182
-0.1546936035
0.0536193848
0.2564086914
0.2647552490
0.3560943604
-0.0719299316
-0.0965270996
0.1785583496
0.1553955078
-0.0685577393
0.1010589600
0.2096862793
0.4075469971
0.1343078613
-0.1061096191
-0.1502685547
0.1125183105
0.2276763916
0.2594757080
0.1616058350
-0.0446777344
0.1813812256
0.2839355469
-0.0746765137
0.2541046143
0.2894287109
0.1333923340
0.1483154297
0.2093353271
0.1974487305
0.2780609131
0.3085327148
0.2165527344
0.1064910889
0.0836639404
0.1939239502
0.1517486572
0.1361083984
0.1598358154
0.1311492920
0.1982116699
0.1326751709
0.3417663574
0.3140563965
-0.0635223389
-0.1411895752
-0.0884704590
0.1532135010
0.2518615723
0.1840362549
0.0053710938
-0.1323547363
-0.0116882324
0.0374603271
0.1791687012
0.1075134277
0.0005187988
-0.0713958740
-0.0483856201
0.0689849854
0.2628479004
0.3327178955
0.1717224121
-0.1979675293
-0.4057159424
0.0188140869
0.2842102051
0.1004943848
0.1657867432
-0.2597198486
-0.1975097656
-0.0247802734
-0.1444854736
-0.3805694580
0.0753936768
0.2570343018
0.2289276123
0.2546997070
-0.0030212402
-0.5234222412
-0.4900665283
-0.1295623779
0.4966583252
0.1564483643
0.3104553223
-0.2517242432
-0.1173400879
-0.1399841309
0.1770477295
0.2033233643
0.1599731445
0.1741333008
-0.0346069336
-0.3152465820
-0.1506805420
0.1598358154
0.1633453369
0.4007873535
0.1454315186
-0.2523040771
-0.1558074951
-0.0408325195
0.1651763916
0.4482879639
0.3219299316
-0.2295837402
-0.2855987549
-0.0933074951
0.2196655273
0.3465728760
0.1040344238
-0.1091766357
-0.1843872070
-0.0556335449
0.1149902344
0.0389099121
-0.0002899170
-0.1000823975
-0.1192016602
-0.1471710205
0.1802215576
0.4725646973
0.4526824951
0.4876708984
-0.2671661377
-1.1696777344
-0.3788299561
0.4563598633
0.3307189941
0.3816070557
0.1296386719
-0.4602661133
-0.4376068115
-0.1259918213
0.1330566406
0.2723388672
0.2360382080
-0.2393646240
-0.3283843994
-0.0979461670
0.2979431152
0.1224365234
0.1157989502
-0.0437774658
0.1346282959
-0.1462097168
0.0852355957
0.0688629150
0.0407409668
0.1339416504
0.0786132812
0.0403900146
0.1069488525
-0.0603332520
-0.1554718018
0.0167236328
-0.0268096924
-0.1809234619
0.0800933838
0.0795135498
-0.0116729736
-0.2088470459
-0.2463684082
-0.1440429688
0.1542205811
0.2499847412
0.3123779297
0.0894470215
-0.3968658447
-0.3558959961
-0.1684265137
0.0407714844
0.0826110840
0.1600646973
0.1229858398
-0.3722839355
-0.2691040039
0.2983551025
0.2815399170
-0.1226348877
-0.2290496826
-0.2881469727
-0.0625152588
0.3066101074
0.1353607178
-0.0803070068
0.2117614746
0.1316833496
-0.0221099854
0.1159515381
0.2884521484
0.0841369629
0.0273742676
0.0902404785
0.3027038574
0.1792297363
0.0164794922
0.0559997559
0.0678558350
0.1648254395
0.2662811279
0.1801300049
-0.0382232666
0.0414886475
0.2130126953
0.1953582764
0.0057983398
-0.0120086670
-0.0059661865
0.0286712646
0.3564605713
0.2353668213
0.0291290283
0.0283355713
-0.2561492920
0.2324066162
0.2495727539
0.2375793457
0.1853790283
-0.0408020020
0.0287017822
0.1634216309
0.3457489014
0.2606658936
0.2060089111
0.0139007568
0.0541229248
0.2009429932
0.2560272217
0.2886199951
0.2725982666
0.2733306885
0.0114746094
-0.1932220459
0.0750122070
0.2544250488
0.2062530518
0.1556091309
-0.0785980225
-0.0519866943
-0.1153259277
0.1309051514
0.2548980713
0.1270751953
0.1566467285
-0.0758056641
-0.0877990723
0.1457977295
0.2961578369
0.2506408691
0.0229949951
-0.0298767090
-0.0231018066
0.1792907715
0.2165069580
0.1918182373
0.0150756836
-0.0135955811
0.0305633545
0.0281677246
0.4949493408
0.4044342041
-0.1763916016
-0.2583007812
-0.2748718262
-0.0635986328
0.3040771484
0.2096252441
-0.0583953857
-0.3058013916
-0.1128540039
-0.0735931396
0.0646514893
0.0586242676
-0.0650939941
-0.1306610107
-0.0876617432
0.0248718262
0.1017303467
0.1312561035
-0.0031585693
-0.0935211182
0.0377960205
0.0796508789
0.1951904297
0.1890106201
0.0021057129
-0.0343933105
0.0234680176
0.0251617432
0.1353149414
0.0724182129
0.0851287842
0.0563812256
0.0003662109
0.0095977783
0.0406799316
0.1000518799
0.0866394043
0.0502319336
0.0234375000
0.0334625244
0.0661773682
0.0822296143
0.0847625732
0.1620483398
0.5233917236
0.0996398926
-0.3392639160
-0.0842285156
-0.0800933838
0.2350769043
0.1395263672
0.2837677002
0.1503753662
-0.1758422852
0.2644958496
0.2081909180
0.1155090332
0.2249450684
0.0030517578
0.0214080811
0.0548858643
0.1774139404
0.1480865479
0.1086883545
0.0209655762
-0.0636444092
0.0504608154
0.0895538330
0.0580444336
-0.0048065186
-0.0701751709
-0.0209655762
0.0128784180
0.0319519043
0.0184020996
0.0487213135
-0.1261138916
-0.1607818604
-0.0082397461
0.0189514160
0.1216583252
-0.0499877930
-0.1626739502
-0.1377716064
-0.0060882568
0.0266723633
0.0943756104
0.0281524658
-0.0781860352
0.0271453857
0.2047729492
0.0616912842
-0.3507690430
-0.2133331299
0.0489196777
0.3258514404
0.2891387939
0.3088073730
-0.0310058594
-0.2555389404
0.0450134277
0.2844390869
0.3193664551
0.2605895996
0.0249023438
-0.0910034180
0.0444641113
0.1552124023
0.2154235840
0.0970306396
-0.1901397705
-0.1211090088
0.2599487305
0.2286376953
0.1229553223
-0.0448913574
-0.1360321045
-0.0169982910
0.1691894531
0.2201385498
0.1583251953
-0.0131988525
-0.0327606201
0.0894012451
0.1596984863
0.1911773682
0.0956573486
0.0151672363
0.1023101807
0.1256256104
0.1250305176
0.1754913330
0.1360015869
0.0890655518
0.0510559082
-0.0890502930
0.0263671875
0.1618957520
0.0708312988
0.3665161133
0.5327911377
0.4553527832
0.3111114502
-0.0679626465
0.0279541016
-0.0949859619
-0.0813598633
-0.1614074707
0.0659332275
0.4420013428
0.2810821533
0.0883941650
-0.1770172119
-0.1549682617
0.0151519775
0.3820037842
0.2147674561
-0.0235900879
-0.0901947021
-0.1551666260
0.0916137695
0.1729736328
0.0097808838
-0.1155700684
-0.0967407227
-0.0144653320
-0.0211944580
0.0530395508
0.2305755615
0.3566894531
0.2505798340
0.0252380371
-0.2000579834
-0.4980010986
-0.1696014404
0.2583312988
0.4482116699
0.1986083984
-0.0979309082
-0.1589813232
-0.0103149414
0.1265563965
0.1014862061
0.0372619629
-0.0627899170
0.0299682617
0.3118896484
0.3439483643
-0.4806518555
-0.5827789307
-0.1134948730
-0.0557556152
0.0891113281
0.0979461670
0.1624145508
-0.5522308350
-0.4239959717
0.1332092285
0.1475830078
0.1412200928
0.0873718262
-0.1961517334
-0.0528411865
0.1829376221
0.1628570557
0.1271362305
0.1618347168
0.0410461426
0.0388488770
0.0289764404
0.0365295410
0.1636657715
0.1800994873
0.2764129639
0.3692626953
-0.2639007568
-0.5293273926
0.0271148682
0.1395416260
0.0619201660
0.1890106201
0.1816711426
-0.3109588623
-0.4477539062
0.1026458740
0.2195281982
0.1392822266
0.1389923096
-0.1071166992
0.0330047607
0.2561187744
0.1713409424
-0.0665435791
0.0551452637
0.0462646484
0.0273437500
0.1671600342
0.0184936523
-0.0023651123
0.0513153076
0.1220703125
-0.0827789307
0.0347442627
0.0352172852
0.0945434570
0.0364990234
-0.1065673828
-0.0073699951
0.0276336670
0.0897216797
0.2438964844
0.2213439941
0.0573425293
-0.0391540527
-0.0809020996
-0.0233001709
0.0581512451
0.1794433594
0.2007446289
0.1082458496
-0.0121154785
-0.1556854248
0.0590362549
0.2305145264
0.0299835205
0.0888671875
-0.0126647949
-0.1372222900
-0.0014038086
0.0996246338
0.0111541748
-0.0021514893
0.1277313232
-0.1596374512
-0.0220031738
0.1122131348
0.1701049805
0.0995788574
-0.1309661865
-0.2550659180
-0.0368652344
0.0280609131
-0.1026916504
-0.0433807373
-0.0109863281
-0.0299224854
-0.0495605469
-0.0970458984
-0.1101684570
-0.1318206787
-0.0983123779
-0.0165100098
-0.0630798340
-0.0066375732
-0.0003814697
-0.0344085693
-0.3072662354
-0.3038024902
-0.1759796143
0.1208038330
-0.1125030518
-0.1754760742
-0.1245727539
-0.3495025635
-0.1185302734
0.1746063232
0.1566467285
-0.0385284424
-0.2065734863
-0.2810211182
-0.1595153809
0.1867523193
0.2527923584
0.1301269531
-0.0857696533
-0.2901306152
-0.1809997559
0.1175842285
0.3222503662
0.1037902832
-0.2526855469
-0.1245422363
-0.1972351074
-0.0005187988
0.1762237549
0.1563720703
-0.1173858643
-0.2106628418
0.1565704346
0.3968353271
0.2186584473
-0.0173034668
-0.2240447998
-0.2315979004
0.0761718750
0.2238922119
0.2343139648
0.1445922852
-0.1501770020
-0.2823944092
-0.1270446777
0.0400238037
0.0701446533
-0.0486145020
0.0789031982
0.0234680176
-0.0735931396
-0.3108215332
-0.1530303955
-0.0751037598
-0.1074676514
0.0712280273
0.0088806152
-0.1808013916
-0.2410430908
-0.2740783691
-0.2138824463
0.0293426514
-0.0094909668
-0.1430053711
-0.2667999268
-0.1495666504
-0.0376892090
-0.0012359619
-0.0290679932
-0.0974578857
-0.1644744873
0.0376892090
0.2776336670
-0.2744140625
-0.3529663086
-0.1865844727
0.0972747803
0.0449066162
0.1680908203
0.0666198730
-0.0635528564
-0.2712860107
-0.1693267822
-0.1564178467
0.0715026855
-0.0026245117
-0.1035919189
-0.1773986816
-0.1426239014
-0.0886688232
-0.0396881104
-0.1028289795
-0.1990814209
-0.2521667480
0.1276397705
-0.0593261719
-0.3065795898
-0.1558990479
-0.0483245850
0.0371398926
-0.0379333496
-0.0914306641
-0.0073547363
0.1058349609
0.0576629639
0.0991363525
-0.1042022705
-0.0310974121
-0.0230407715
0.1084442139
0.0471343994
0.1145477295
0.0258636475
0.0229187012
-0.0240936279
-0.0626525879
0.4353942871
-0.1360168457
-0.2233276367
0.0123443604
0.2690429688
0.2340087891
0.3690490723
0.2787017822
0.1722412109
-0.0345153809
0.1359252930
0.1374664307
0.2861938477
0.2191772461
0.0931396484
0.0076141357
-0.0266571045
0.0148773193
0.1345367432
0.0713958740
-0.1148071289
-0.1076660156
0.3586120605
-0.1431579590
-0.2096710205
-0.2060394287
-0.1325836182
-0.1492462158
0.0740509033
-0.0617523193
-0.3245544434
-0.3309173584
-0.2801818848
-0.1493682861
-0.0661926270
-0.0843963623
-0.2210693359
-0.2552947998
-0.2112426758
-0.0800628662
-0.0316314697
0.0288848877
-0.0486297607
-0.5401000977
-0.2421112061
-0.0462799072
0.0905151367
0.0595245361
0.0054321289
0.0627899170
0.0356903076
0.0676879883
-0.0330352783
-0.0788269043
0.0574493408
-0.0074462891
0.1729583740
0.2022247314
0.0810241699
0.0100402832
0.0001678467
-0.0262756348
0.1199798584
0.2149353027
0.0049438477
0.1129608154
0.0872039795
0.1790466309
0.1111602783
0.0336456299
0.3105163574
0.3254089355
0.1907653809
0.0771942139
-0.0459136963
0.0667419434
0.1320800781
0.2537994385
0.1267852783
0.0289916992
-0.0558471680
0.0176849365
0.2410278320
0.3228912354
-0.3236541748
-0.1649932861
-0.1373748779
0.0686035156
0.0792846680
0.1491394043
-0.0887145996
-0.3218536377
-0.0570526123
0.2227935791
0.0046386719
-0.0065917969
-0.1081237793
-0.1445465088
-0.0446166992
0.1114654541
0.1243896484
0.0716705322
-0.0544433594
0.1687316895
0.0456848145
-0.0619354248
0.0342254639
0.0910644531
-0.0154418945
0.0559387207
0.1366271973
0.0252380371
-0.0678863525
-0.0337829590
-0.0214843750
0.0264434814
0.0021057129
0.0440063477
-0.0783996582
-0.0259704590
0.0071105957
0.0762023926
-0.0866546631
0.0974273682
0.1662139893
-0.0489349365
0.0067443848
0.0336456299
-0.0279846191
0.0128479004
-0.0346374512
-0.0637054443
0.0839233398
0.0278625488
-0.0090179443
-0.0908355713
-0.0460052490
-0.0327148438
0.0110931396
-0.0464019775
0.0201110840
-0.0100708008
-0.0261077881
0.1004791260
-0.2189788818
0.0735931396
0.0077056885
0.0501708984
-0.0449066162
-0.0178222656
0.1965789795
0.0438385010
0.0979309082
0.0487365723
-0.0219726562
0.0061950684
0.1170501709
0.1282196045
0.0731048584
0.0615539551
0.0059356689
-0.0182495117
0.0520782471
0.2643127441
0.1960144043
0.0240173340
-0.0117950439
0.0935821533
0.0595092773
0.1368560791
0.1930847168
0.1679077148
0.0228271484
-0.0846862793
-0.0209655762
0.0894165039
0.1651153564
0.1107330322
0.0142059326
-0.0493774414
-0.0135345459
-0.0399780273
0.2744293213
0.1569976807
-0.0991210938
-0.1211395264
0.0039062500
0.0270385742
0.2289581299
0.1882934570
-0.0632629395
-0.1400299072
-0.1444549561
0.0464935303
0.1655883789
0.0469207764
0.0670776367
-0.0544433594
-0.0440063477
0.0694274902
0.0195312500
0.2110900879
0.2478485107
-0.0858917236
-0.0929412842
0.0527954102
0.0905456543
0.1843872070
0.2811279297
0.0424804688
-0.0587463379
-0.0531463623
0.0750885010
0.1375579834
0.1367797852
0.0502624512
-0.0280151367
-0.0354309082
0.0382080078
0.0779418945
0.1780853271
0.2154083252
-0.1681213379
-0.0104217529
0.0596313477
0.0900268555
0.0433044434
0.2171478271
0.2184600830
0.0758361816
0.1266021729
0.1000976562
-0.0015258789
0.0606994629
0.1115417480
0.2263946533
0.1453247070
0.1417236328
0.0150604248
-0.0365142822
0.3284454346
-0.0217895508
0.0775451660
0.1092681885
0.2112426758
0.1168518066
0.3100128174
0.2330932617
0.1287994385
0.0604095459
0.0843353271
0.1223907471
0.1869659424
0.2031860352
0.2066650391
0.1578674316
0.0992126465
0.0620422363
0.1065368652
0.3602905273
0.2609100342
0.1004180908
-0.1322174072
-0.0337982178
0.1543426514
0.2825469971
0.2719573975
0.1010284424
-0.0608367920
-0.0620269775
0.1672058105
0.1330566406
0.1144714355
0.0885467529
-0.0071258545
-0.0236358643
0.0902709961
0.0837249756
0.2457885742
0.1430664062
-0.0304107666
-0.1599273682
0.1132354736
0.1145172119
0.2940673828
0.2191009521
-0.0771484375
-0.1228179932
0.0742034912
0.2183380127
0.2238311768
0.1643981934
0.0660705566
-0.0193939209
0.0256195068
0.1691589355
0.1117553711
0.1853942871
0.2622680664
0.0394592285
-0.0916748047
0.0597076416
0.0606842041
0.2624511719
0.3423461914
0.0141754150
0.0269317627
-0.0513916016
0.0825195312
0.2028045654
0.2220611572
0.1685943604
0.0327606201
0.0566253662
0.0654449463
0.1690216064
0.1745147705
0.1786041260
0.0033264160
0.0270385742
0.1147918701
0.1849060059
0.2051391602
0.1525726318
-0.0777587891
-0.0146331787
0.0610351562
0.1482849121
0.1487426758
0.0315399170
-0.0176544189
0.0112152100
0.0825958252
0.1033630371
0.0681457520
-0.0806884766
0.2058410645
0.1356811523
-0.0659332275
-0.1517791748
0.1321411133
0.1272583008
0.0739440918
0.0056152344
0.1259460449
-0.0452728271
-0.0047760010
0.0217132568
0.1273803711
0.0039215088
0.0873870850
0.0156402588
0.0268554688
0.0298767090
0.0439910889
0.0975036621
0.0652770996
0.0215759277
0.1230316162
0.1537475586
0.1608123779
0.1574707031
0.2148742676
0.2175750732
0.1125335693
0.0269775391
-0.1232910156
0.0778198242
0.1923370361
0.2214660645
0.1490631104
0.0499877930
-0.0407867432
-0.0003814697
0.0520172119
0.2975769043
0.1928253174
0.0632781982
0.0092468262
0.0294189453
-0.0780487061
0.1339569092
0.3274230957
0.0916137695
-0.0087127686
0.1187133789
-0.0032196045
0.0561828613
0.1266784668
0.1771087646
-0.0384521484
0.0787353516
0.1119537354
0.0560455322
0.2974395752
0.2351531982
-0.1879730225
-0.0260314941
0.1678619385
0.1638946533
0.0518341064
0.1012573242
0.0300140381
-0.0322113037
0.2484741211
0.2037506104
0.0288391113
-0.0381469727
0.0006866455
0.0425262451
0.0914764404
0.2052001953
-0.0069427490
-0.0607299805
0.2454223633
0.0249481201
-0.0346069336
-0.0113067627
0.1408233643
0.2136535645
0.3094177246
0.1387939453
-0.0065002441
-0.0768280029
-0.0316009521
0.1949462891
0.2749633789
0.2516326904
0.2067871094
0.0568847656
-0.0014801025
0.1454620361
0.1045532227
0.2434997559
0.4833526611
0.2180480957
0.0466766357
0.0489196777
0.1943969727
0.5261383057
0.3566284180
0.0642242432
-0.1265563965
-0.2151031494
0.1785888672
0.3547210693
0.3179473877
0.1377716064
-0.1362609863
-0.1403198242
0.0517120361
0.2578582764
0.3116607666
-0.0026855469
-0.1907653809
-0.0957946777
-0.0699615479
-0.0306854248
0.2526702881
0.2794799805
-0.1895751953
-0.1960906982
-0.0867614746
0.0924835205
0.1357116699
0.1091461182
-0.0283355713
-0.1127166748
0.0345458984
0.1538543701
0.1542205811
0.2941436768
-0.2277832031
-0.2373657227
0.1499938965
0.1741638184
0.0084381104
