0.1590270996
0.0990142822
0.0971984863
0.1485290527
0.0583953857
0.0492706299
0.1207733154
0.1201782227
0.1213378906
0.1038360596
0.0299682617
0.1419372559
0.0974884033
0.1276550293
0.1217193604
-0.0713348389
0.2138061523
0.1439056396
0.0138244629
0.1009674072
0.0272827148
0.1262359619
0.1453399658
0.1028442383
-0.0093383789
0.1012725830
0.1255035400
-0.0222320557
0.1986389160
0.2053833008
0.1123657227
0.0159759521
0.0078277588
0.1226654053
0.1775665283
0.1954498291
0.0064849854
0.1051940918
0.0314636230
0.1707153320
0.3101806641
0.1512908936
0.0504455566
0.2090301514
0.3408660889
0.0218048096
0.1584167480
0.1749420166
-0.1126098633
0.1126251221
0.3037719727
0.0875091553
-0.1183929443
0.0970458984
0.1687164307
0.0940246582
0.2189788818
0.1529235840
0.0381011963
0.0700073242
0.1733856201
0.1044158936
0.0606079102
0.1996307373
0.0890960693
0.0786285400
0.1680908203
0.1177825928
0.1293334961
-0.0275726318
0.0629425049
0.0728149414
0.1095275879
0.2087097168
0.1029968262
0.0015563965
0.0210113525
0.2962493896
0.0765380859
-0.1538391113
-0.0095367432
-0.0023040771
-0.0021667480
-0.0032653809
-0.0587921143
-0.1317901611
-0.0938415527
0.0719757080
-0.1327362061
-0.0894317627
-0.1428833008
0.0057830811
0.0984649658
-0.0408935547
-0.0696868896
-0.0521240234
0.1421356201
0.0379333496
0.0338287354
0.0370788574
0.0833587646
0.2052459717
0.1969909668
0.2695312500
0.1959228516
0.0031433105
0.1703796387
0.3355560303
0.1781768799
0.0709075928
-0.0107879639
0.2518310547
0.3396301270
0.1661071777
0.2301025391
0.1619110107
0.0658569336
0.1036987305
0.1263580322
0.1052703857
0.0421295166
0.1534118652
0.1005859375
-0.0971832275
0.0492401123
0.1800384521
0.2402496338
0.1630554199
0.0175628662
0.0905151367
-0.0278625488
0.2552032471
0.1705322266
0.1948547363
0.0661926270
-0.1474914551
0.0288238525
-0.0171051025
0.1130371094
0.1870422363
0.2075195312
0.1507415771
0.0008850098
-0.0391998291
-0.0801391602
0.1208801270
0.0884857178
0.1020507812
0.0192260742
0.0886993408
0.2404174805
-0.0032043457
0.1573181152
0.2074432373
0.0469665527
0.1234893799
0.0410461426
-0.0411834717
0.0412445068
0.3140563965
0.4597167969
0.2909851074
0.1370239258
0.0316314697
-0.0052337646
0.3401794434
0.3735198975
0.3103485107
0.1804199219
0.1654510498
0.2366943359
0.1754150391
0.2539215088
0.3973999023
0.3892059326
0.3007354736
0.1063537598
0.3729705811
0.2476806641
0.2180633545
0.2592010498
0.2801513672
0.0164489746
0.0996398926
0.0438690186
-0.0529937744
0.0213928223
-0.0149536133
-0.1561279297
-0.1945190430
0.1447296143
0.1701965332
-0.1665954590
-0.1756896973
-0.2358245850
0.0066070557
0.3970794678
0.1251220703
-0.0700225830
-0.0252075195
-0.1312866211
0.0149383545
0.3622283936
0.2507019043
0.0455017090
-0.1374206543
0.0924224854
0.2563171387
0.3484649658
0.1816711426
-0.1810607910
-0.1407470703
0.2870178223
0.3643951416
0.4220428467
0.2238311768
0.0302886963
-0.0481719971
0.0416564941
0.4721679688
0.3117370605
0.1960144043
0.2812957764
0.3878021240
0.3717956543
0.2986297607
0.1623535156
-0.3265228271
-0.3595581055
0.3293762207
0.6145172119
0.5512084961
0.3885192871
-0.0388488770
-0.1459655762
-0.0466156006
0.3242492676
0.2891082764
0.2976684570
0.2876129150
-0.1193389893
-0.1717071533
0.3494415283
0.1831512451
0.2002868652
0.4418792725
0.0506896973
-0.0786743164
-0.1159515381
0.2753753662
0.4765167236
0.4060211182
0.1094512939
-0.1530914307
-0.1347961426
0.2106323242
0.2963104248
0.1603851318
0.2948150635
-0.0668792725
-0.2705535889
0.2465057373
0.2612762451
0.0425567627
0.0316467285
-0.1864318848
0.0027770996
0.2039337158
0.5950927734
0.4555206299
0.0573577881
-0.3196563721
0.1464233398
0.3635253906
0.4584655762
0.4032287598
0.3072967529
-0.2344970703
-0.0139617920
0.4013366699
0.4046936035
0.2950286865
-0.2969360352
-0.3748016357
-0.4441223145
0.0887603760
0.5461273193
0.5317687988
0.4596862793
-0.4378814697
-0.0888824463
0.3251647949
0.2788238525
0.2238922119
0.3505249023
0.0233459473
-0.0608215332
0.2048187256
0.3094177246
0.4119415283
0.3884582520
-0.0091247559
-0.0268096924
0.1677703857
0.3428802490
0.1832427979
0.1629180908
-0.0521545410
0.1063079834
0.3283996582
0.1952972412
0.1685943604
-0.0042419434
0.1550903320
0.3107147217
0.2592620850
0.2159729004
-0.0180206299
-0.0810241699
0.2113342285
0.0635528564
0.1271209717
0.0870666504
0.0179595947
0.0847625732
0.0972442627
0.1469268799
0.0473937988
0.0643463135
-0.0822753906
-0.0595703125
0.0554809570
0.0208435059
0.1177673340
0.0047607422
-0.1863250732
-0.0516357422
0.0283050537
0.1345062256
0.1320800781
0.1126403809
-0.1647338867
0.0460815430
0.1165161133
0.1632385254
0.2485046387
0.1561126709
0.1787261963
0.0984802246
0.1416625977
0.2473144531
0.1737213135
0.1510314941
0.0209197998
0.1263580322
0.2220764160
0.0565185547
0.0469970703
0.0563201904
-0.0927429199
-0.0982818604
0.0496063232
0.0960235596
-0.1250152588
-0.0264739990
-0.0689086914
-0.1782531738
-0.0287170410
0.0808258057
0.0981750488
0.2076110840
-0.0463409424
-0.0102844238
0.0152130127
-0.0465393066
0.0971221924
0.0571746826
-0.0174713135
0.1922760010
0.1867370605
0.2561645508
0.1785278320
0.2758026123
0.4167327881
0.1726837158
0.1108551025
0.1838531494
0.1814880371
0.1812133789
0.2434692383
0.2997894287
0.3585052490
0.2565917969
0.2072143555
0.1260833740
0.0359497070
0.0728607178
0.2044830322
0.0922698975
0.1716613770
0.1087036133
-0.0559692383
-0.0508575439
-0.1002044678
0.0314788818
0.2472686768
0.0578918457
-0.1113891602
-0.0563659668
-0.0027618408
0.0090637207
-0.1424560547
-0.2022705078
0.0721130371
0.0074920654
-0.1015014648
0.1081085205
-0.0290374756
-0.2098236084
-0.0340118408
0.0109252930
-0.2283782959
-0.0428161621
-0.1026153564
-0.1906738281
0.0054016113
-0.1577606201
-0.1433868408
-0.1566772461
-0.0744018555
0.0501556396
0.1031799316
0.1366271973
-0.1522369385
-0.1837463379
-0.0260314941
0.1371002197
0.2001647949
0.1364288330
-0.0980987549
-0.1598968506
0.1191406250
0.3036956787
0.1388244629
-0.0753326416
0.0746917725
0.0852203369
-0.1053619385
0.0198059082
0.1042785645
0.0027008057
-0.0431823730
0.1233825684
0.3675079346
0.2215118408
0.0768890381
-0.0117340088
0.0214538574
0.0135192871
0.1508789062
0.2195129395
0.3608093262
0.3413696289
-0.1235351562
-0.0301513672
0.1624298096
0.2300415039
0.4305267334
0.1772003174
-0.1608276367
0.0724945068
0.2978363037
0.3109588623
-0.0749511719
-0.0486907959
0.1606292725
0.2626495361
0.1150817871
0.2220916748
0.1392669678
-0.2620391846
-0.0420684814
0.1861877441
0.0591888428
-0.0489196777
-0.0752868652
-0.0040283203
-0.2774963379
-0.0258331299
0.1361846924
0.0154724121
-0.1230926514
-0.0327758789
0.0122222900
-0.1177673340
0.0194396973
-0.0283355713
0.0076141357
0.1014556885
0.0976104736
0.0760955811
-0.0677032471
0.1266174316
0.1436157227
0.0174255371
0.1694183350
0.0138702393
0.1177978516
0.0971679688
0.1256408691
0.0662078857
0.1645355225
0.3340606689
0.2803344727
0.1473236084
0.2248840332
0.0661773682
-0.0005035400
0.2368011475
0.3152008057
0.2245330811
0.1104431152
0.1178741455
0.3306579590
0.2790832520
0.0997467041
0.0479125977
0.0538787842
-0.1017761230
0.0087585449
0.1871948242
0.2732086182
-0.0053710938
-0.0671234131
-0.0102386475
-0.0195465088
0.1043548584
0.0318603516
0.1165924072
0.1820526123
-0.1456451416
-0.0402679443
0.1709289551
0.0051116943
0.0157470703
0.2098846436
-0.0353088379
0.1850738525
0.2426300049
0.0704345703
-0.1376037598
-0.0172271729
0.0817718506
0.2476196289
0.1559295654
0.0248107910
0.1356201172
0.0973358154
0.0220794678
0.2637329102
0.0882415771
0.0401611328
-0.0312805176
-0.0101470947
0.1689910889
0.1521301270
0.1037445068
0.0063934326
-0.0184936523
0.0456848145
0.1211395264
0.1081085205
-0.0586853027
0.0234527588
0.0836029053
0.1671295166
0.2303924561
-0.0096893311
-0.0653076172
-0.0788879395
0.0525512695
0.0867919922
0.1253814697
0.2278747559
0.1494140625
0.1176605225
0.2133026123
0.1317901611
0.1646423340
0.1281890869
0.1528167725
0.2382049561
0.1136474609
0.2858886719
0.0021209717
0.1116333008
0.3211364746
0.1900024414
0.3065795898
0.2201843262
0.1921234131
0.4875183105
0.4472808838
0.3747253418
0.2700042725
0.2104034424
0.1392059326
0.1694946289
0.2266845703
0.1715698242
0.0878906250
-0.1026153564
0.0904235840
0.1612701416
-0.0554809570
-0.0025024414
-0.0187683105
-0.1645965576
-0.0137329102
0.0816802979
0.0592956543
-0.0747680664
-0.1370086670
-0.0325622559
-0.0650482178
-0.0901794434
-0.1023712158
-0.1964416504
-0.2130432129
-0.1660308838
-0.0982360840
-0.0518035889
-0.1372375488
-0.1410064697
-0.1531524658
-0.1779479980
-0.0517120361
-0.0453643799
0.0525665283
-0.0335083008
-0.1903533936
0.0599365234
0.1470947266
0.1143188477
0.0330657959
0.0570983887
0.0782318115
0.1526031494
0.1472320557
0.3468780518
0.2281646729
0.0151214600
0.2267913818
0.2135467529
0.1746826172
0.4209747314
0.2945404053
0.1775665283
0.1975555420
0.1623229980
0.3153686523
0.3083496094
0.2700653076
0.3195190430
0.0768432617
0.0298614502
0.2375335693
-0.0097198486
-0.0540008545
0.1464538574
-0.0130462646
0.1557006836
0.2024078369
0.1925659180
0.1272888184
0.1519317627
0.2232971191
0.2593994141
0.2459259033
0.2230682373
0.2288513184
0.2425079346
0.3649444580
0.3056640625
0.2883453369
0.2794342041
0.1665344238
0.3311614990
0.3255615234
0.2664031982
0.2047729492
0.2503204346
0.2165832520
0.3385620117
0.3711395264
0.2394104004
0.2338409424
0.1295776367
0.0870208740
0.2723846436
0.0462799072
-0.1254882812
-0.1154479980
-0.1032867432
-0.1161651611
0.1016082764
0.0127105713
0.1085815430
-0.1153259277
-0.3586730957
-0.3659057617
-0.2815093994
-0.3081512451
-0.2681884766
-0.1701507568
-0.1515655518
-0.2517852783
-0.2690734863
-0.2791900635
-0.2575225830
-0.0097808838
-0.1176452637
0.0370483398
-0.0131988525
-0.1952972412
0.1613006592
0.1120452881
-0.0461273193
0.2605743408
0.2065429688
0.1393890381
0.1790313721
0.1693115234
0.1492614746
0.2935791016
0.2649078369
0.1131591797
0.1439056396
0.1653137207
0.0995330811
0.2969207764
0.4121551514
0.3469238281
0.2700805664
0.1622009277
-0.0753784180
0.1312561035
0.2718963623
0.2300872803
0.2300567627
0.0056152344
0.0632629395
0.1508026123
0.0190124512
0.1525726318
0.1704406738
-0.0712127686
0.0728759766
0.1231689453
-0.0016784668
0.1631774902
0.0519409180
-0.0591583252
0.1264190674
0.1215972900
-0.0044555664
-0.0809631348
0.0385131836
0.1041870117
0.2404022217
0.0112762451
-0.0857849121
0.0124969482
-0.0230560303
0.0374298096
-0.0097808838
0.1047058105
0.0596160889
-0.2003479004
-0.0378112793
0.1571655273
-0.0353393555
0.0910034180
0.1435852051
-0.2199096680
-0.0501556396
0.0208129883
0.0479583740
0.1846618652
-0.0320434570
-0.0424346924
0.1524963379
-0.0261840820
-0.0069274902
0.0285186768
-0.1731719971
-0.0282592773
0.1207580566
0.2019348145
0.0775604248
-0.2068328857
-0.3809509277
0.0353546143
0.1448516846
-0.0428466797
-0.0206298828
-0.1145172119
-0.1242523193
-0.2195892334
-0.1457366943
0.2622222900
0.3916168213
0.1120147705
0.0291748047
0.0980834961
0.2204742432
0.3284454346
0.1694641113
0.3807678223
0.2746734619
0.0364227295
-0.0029754639
-0.0355377197
0.1094818115
0.2619934082
0.2084503174
-0.0730285645
-0.1886444092
-0.2422790527
0.0695037842
0.1286926270
-0.1268768311
-0.0054779053
-0.1602630615
-0.1658020020
0.0032043457
0.0570526123
-0.1336975098
-0.1483154297
-0.2187042236
-0.3048858643
-0.1017608643
-0.0951843262
-0.0943145752
0.0220031738
-0.2102050781
-0.1782836914
-0.1556549072
0.0276184082
0.0550537109
-0.1958923340
-0.0109405518
0.0376586914
0.0388641357
-0.0070953369
-0.1183166504
0.0887756348
-0.0539245605
-0.0683135986
0.1897430420
0.0502166748
-0.0610961914
-0.1022033691
0.0128936768
0.0480804443
-0.1117858887
-0.0617218018
-0.0424499512
-0.0653228760
-0.1343078613
-0.0365142822
-0.0368957520
-0.1101531982
0.1254577637
0.0735015869
-0.1439971924
-0.0527801514
0.0207824707
-0.1265716553
-0.0830993652
0.0696105957
0.0082855225
-0.0435180664
-0.2080078125
0.0038909912
0.0082092285
-0.1400756836
0.0975646973
-0.0953369141
-0.3822174072
-0.0256500244
0.1293182373
0.0294952393
0.0715179443
-0.2586822510
-0.3539886475
-0.1900024414
-0.0516662598
0.2610473633
0.2383880615
-0.0024108887
-0.2563781738
-0.0217132568
0.0115356445
0.0890502930
0.1257171631
-0.1678314209
-0.1518859863
-0.0229949951
0.1558837891
0.1133422852
-0.1855010986
-0.1830291748
-0.0569458008
0.0124664307
-0.1853942871
-0.1146392822
0.2029418945
-0.1458282471
-0.2496795654
-0.0713653564
-0.0072631836
-0.4020690918
0.0414581299
0.1592864990
-0.0986175537
-0.2465362549
0.0123748779
0.0910186768
-0.1229705811
-0.0241546631
-0.1135406494
-0.1795501709
0.0237274170
-0.2458801270
-0.1077575684
0.0175018311
0.0471954346
0.0311737061
0.1003723145
-0.0490112305
-0.2790069580
-0.0331420898
0.1713714600
0.1116027832
-0.2185058594
0.0475006104
-0.0492858887
-0.3473510742
-0.1697692871
0.0599212646
0.3310852051
0.0041046143
-0.2129058838
-0.1326599121
0.0879974365
0.0668945312
0.0840911865
-0.1013031006
-0.0404205322
-0.0483093262
0.0336608887
0.1318817139
-0.1655120850
-0.1452789307
-0.0761871338
-0.0628356934
0.0316314697
0.0604400635
0.1882476807
-0.1303710938
-0.1530303955
0.1159057617
-0.0081939697
-0.2256317139
0.0753326416
0.1351623535
0.1387023926
0.0375061035
0.0484466553
-0.0194396973
-0.3340454102
0.1932373047
0.3917388916
0.0497283936
-0.2953033447
-0.1014709473
-0.0147094727
0.0836334229
0.0385742188
0.0410614014
0.0948791504
-0.1542968750
-0.0454254150
0.2516632080
0.1195526123
-0.1795654297
-0.1610717773
-0.0654296875
0.0340576172
-0.1357269287
0.2210998535
0.2244262695
-0.1069488525
-0.1222534180
-0.0299987793
-0.1831512451
-0.0539093018
0.2152709961
0.1246185303
-0.1053161621
0.0530395508
0.1632080078
-0.0758514404
-0.2591094971
-0.2524261475
0.0538482666
0.1461944580
0.3350372314
0.0871887207
-0.3426055908
-0.0046539307
0.1164398193
0.0867767334
-0.0046539307
0.2541198730
-0.1663360596
-0.0489501953
-0.0543518066
-0.0721130371
0.1420440674
0.1637573242
0.0113220215
-0.2407836914
-0.2781982422
0.1025238037
-0.0821075439
-0.0106964111
0.0213928223
-0.0124511719
-0.0068206787
-0.0294799805
0.1456756592
0.1064910889
-0.0278320312
-0.0741577148
-0.3907928467
-0.2361907959
0.1869964600
0.1871795654
-0.0222167969
-0.2185974121
-0.1821594238
0.0395660400
0.0991058350
0.2384643555
-0.0648956299
-0.3179168701
-0.3366851807
0.1152954102
0.3332366943
0.0736541748
-0.0321502686
-0.1977691650
-0.2361602783
0.0221557617
0.1841735840
0.2353210449
0.0598907471
-0.1399688721
-0.2755126953
-0.0987701416
-0.0156250000
0.1443328857
-0.0366516113
-0.5798950195
-0.1959381104
0.1269226074
0.0971374512
-0.0865478516
-0.0354309082
-0.1431274414
0.0721740723
0.3990936279
0.4020080566
0.3428955078
0.0653839111
0.0231628418
-0.0112304688
0.1613464355
0.2129974365
0.0729980469
-0.0342102051
-0.0472717285
0.0849456787
0.1209869385
-0.0088500977
0.0606536865
0.0393829346
-0.0983581543
-0.0829772949
0.1176147461
0.0161437988
-0.1123352051
0.2824096680
0.1654357910
-0.3018188477
0.0067749023
0.2120361328
-0.1781921387
-0.0327148438
0.1498718262
-0.0317840576
-0.2498626709
-0.0971069336
-0.0118865967
-0.0292968750
0.0510406494
0.0989990234
-0.3311462402
-0.1059112549
0.0119323730
-0.0484924316
0.2192535400
0.0112457275
-0.2005920410
-0.0828399658
0.2609710693
0.1964263916
-0.1466217041
0.2520751953
0.0204162598
-0.1062011719
0.2453460693
0.1825256348
-0.2118988037
-0.3363800049
0.1581726074
0.2368774414
-0.0846710205
-0.1747894287
0.0836944580
0.0500946045
0.0509033203
0.2076263428
0.1237487793
-0.0650329590
-0.1565551758
0.0152893066
0.1641235352
-0.0059509277
0.0391540527
0.2082977295
0.0539855957
0.0844421387
0.0084228516
-0.0038604736
-0.1631927490
-0.1045074463
0.0271911621
-0.0662384033
-0.0353851318
-0.0560150146
0.1019592285
0.1314544678
-0.0357666016
-0.0155334473
0.1771697998
-0.0709838867
0.0481262207
0.0170593262
-0.0299835205
0.0412597656
-0.0104370117
-0.1285247803
-0.0248718262
0.3375854492
0.1072692871
-0.0011596680
-0.2026519775
-0.2980346680
0.1862945557
0.1966857910
-0.0185852051
-0.0223999023
-0.1367034912
0.0463104248
0.1184997559
0.0301513672
-0.0386352539
0.0525207520
-0.1015167236
-0.0081787109
0.2675476074
0.0447998047
-0.2304840088
-0.0233306885
0.0441894531
0.0500488281
0.4076843262
0.0035552979
-0.5035552979
-0.2230072021
0.1888427734
0.2670745850
0.1141204834
0.0140075684
-0.4126434326
-0.2084350586
0.0043945312
0.3470306396
0.2133941650
0.0653228760
-0.2395477295
0.0160217285
-0.0092315674
0.1359710693
0.2877807617
0.0992126465
0.0607757568
0.2159576416
-0.1154785156
0.1663970947
0.2835693359
-0.0258026123
-0.3140411377
0.1035461426
0.2644500732
0.1207275391
0.2417907715
0.0297546387
-0.0831909180
-0.0355682373
0.0559844971
-0.0753326416
0.0201568604
0.1105194092
0.1158905029
-0.0278778076
-0.1379089355
-0.1520538330
0.1981811523
-0.0733184814
-0.0255279541
0.1266784668
0.1597747803
0.0936279297
-0.1878662109
-0.1458587646
-0.0106964111
0.0560302734
0.4156799316
-0.1075744629
-0.2404632568
-0.1591033936
-0.0558319092
0.3755035400
0.1326141357
-0.0663146973
-0.0712432861
-0.1355895996
-0.0409240723
0.2447204590
0.2303009033
0.0302276611
-0.1708374023
-0.0479431152
0.0656280518
0.2698059082
0.4938201904
0.2491149902
-0.2412414551
-0.1192779541
0.1196746826
0.1901550293
-0.0400543213
0.0143737793
0.1420898438
-0.0449523926
-0.0895233154
0.0223693848
0.0550994873
-0.0695495605
0.0567474365
0.1087951660
-0.0443572998
-0.1532135010
0.1060333252
0.1072540283
0.2047271729
0.1262054443
-0.1733245850
0.0457305908
-0.0052947998
0.0274047852
-0.0173950195
-0.0248565674
0.0849761963
0.0205688477
-0.0941619873
0.0520019531
0.0238952637
0.0433502197
-0.0244750977
0.1972198486
0.1493530273
-0.0942382812
0.0706634521
0.1958160400
0.0252227783
-0.0775451660
0.1098632812
-0.0518646240
0.0044097900
0.0680084229
0.0384674072
-0.0482635498
0.0171508789
0.2837982178
0.1136016846
-0.1502075195
-0.0005493164
-0.0830535889
0.1391296387
0.1488800049
-0.1619110107
0.0231018066
0.2529144287
0.0209197998
0.1005401611
-0.0249023438
-0.0982818604
0.2892761230
0.1051635742
-0.1428833008
0.1893463135
-0.0893859863
-0.2964324951
0.1685943604
0.2376251221
-0.0839385986
-0.1005554199
0.2302551270
-0.0500183105
0.0647583008
0.0195465088
0.0328979492
0.1855926514
-0.0716705322
0.0630798340
0.1589813232
-0.1821289062
0.0912322998
0.1461639404
-0.2823638916
-0.1683197021
0.2581329346
0.2872619629
0.0487365723
0.1112976074
-0.0662994385
-0.1930389404
0.0669250488
-0.0961303711
-0.2030792236
0.0613403320
0.1832427979
0.1709747314
-0.0252838135
-0.1668243408
-0.2373352051
0.2451019287
0.3452758789
0.0280609131
-0.0249023438
-0.2171020508
0.0295715332
0.0440673828
0.2375488281
0.3534545898
0.0856628418
0.0047607422
-0.1712036133
-0.2037200928
0.2653808594
0.4262847900
0.0523986816
-0.1359863281
-0.0610656738
0.1682586670
-0.0448608398
-0.1781921387
0.0043792725
-0.0925292969
-0.0874176025
0.3399963379
0.0812072754
-0.1340789795
0.3410949707
0.0572052002
-0.1638031006
-0.0870971680
-0.0478973389
0.0448913574
-0.0986633301
-0.1160430908
0.2678833008
0.1707305908
-0.1308593750
0.1795806885
0.2011108398
0.1045074463
0.1818542480
-0.1856994629
-0.1112213135
0.2112884521
-0.0102386475
0.0402832031
0.1125030518
0.1834106445
-0.0113220215
-0.0482788086
-0.0695495605
0.0885620117
0.1996307373
0.1637878418
0.1099243164
-0.4168395996
0.0855560303
0.4317932129
-0.0696868896
-0.2838745117
0.2381439209
0.4080657959
-0.0615081787
-0.2311859131
0.0647888184
0.3605194092
0.3593597412
-0.0569458008
-0.2345886230
-0.2879333496
0.1390380859
0.3514862061
0.1386260986
-0.0167388916
0.4023284912
-0.0982666016
-0.0933685303
0.3075714111
0.0990905762
0.2130432129
0.0216064453
-0.2999114990
0.0815582275
0.2843475342
0.1319885254
-0.0857391357
0.1195068359
-0.1040496826
-0.1544036865
-0.0036010742
-0.1951599121
-0.0429229736
0.1103515625
0.0841217041
-0.2330627441
-0.2828521729
0.1807708740
0.1785583496
-0.0239868164
-0.0681152344
0.2516479492
-0.1102142334
-0.0286560059
0.3749237061
0.2119598389
0.0356597900
0.1331329346
0.0646514893
-0.0131835938
0.2238159180
0.2651519775
0.1252136230
0.0904235840
0.0898132324
-0.0352630615
-0.0807800293
0.1562500000
0.2579040527
0.1282348633
-0.1084442139
0.0485687256
0.0801239014
0.1565551758
0.1207275391
0.0809936523
0.0397338867
-0.2124328613
0.0221099854
0.1410369873
-0.0680541992
0.1345062256
0.1818237305
-0.0872497559
-0.2538909912
0.1632690430
-0.0482940674
-0.0904998779
0.2256469727
0.2801666260
-0.2854614258
-0.2170715332
0.3546447754
0.0647430420
0.0638885498
0.0313720703
-0.1319274902
-0.1204681396
0.1103515625
0.3183898926
0.0961608887
-0.0708312988
0.0249633789
0.0854187012
0.1036071777
0.1201782227
0.2350463867
0.0409545898
-0.1370697021
0.0171966553
0.2121582031
0.2052764893
0.1179504395
-0.0004425049
-0.1042785645
-0.0420074463
0.0292358398
-0.1236572266
-0.0386810303
-0.0088348389
0.0412445068
0.1299896240
0.1155548096
0.1375579834
0.1135406494
0.0980224609
-0.0131378174
0.1480712891
0.1977386475
0.1965484619
0.2709197998
-0.0155487061
-0.1061096191
-0.0383148193
0.0603332520
0.1005554199
0.1619262695
0.1739196777
0.0108184814
0.0961914062
0.0500793457
-0.0760955811
0.0483398438
-0.0245513916
0.1373596191
0.1260375977
0.2074890137
0.0689086914
0.0569305420
0.0705718994
-0.0102691650
0.1279449463
0.0363922119
0.0505828857
0.1772003174
-0.0247497559
0.0410308838
0.2668609619
0.2325897217
0.3593292236
0.0682220459
-0.2124786377
0.0349884033
0.0995483398
0.1746520996
0.3129272461
-0.0560607910
-0.1701049805
0.0982971191
0.0523071289
-0.0947875977
-0.0710754395
0.1178131104
0.0977478027
0.1985931396
-0.0000305176
-0.1644897461
-0.1807403564
-0.2438201904
0.0843200684
0.1215057373
-0.0960083008
-0.0504913330
-0.0260162354
0.1047210693
0.0157165527
0.1814727783
-0.0536651611
-0.3108215332
-0.0433349609
0.2647247314
0.3100433350
0.0644073486
0.0221405029
-0.0483551025
-0.1858520508
0.1429901123
0.3549499512
0.2204895020
0.0609893799
-0.3305816650
-0.1336975098
0.0685729980
-0.2118225098
0.2257537842
0.3299255371
-0.3222351074
-0.0969848633
0.2733001709
0.1308288574
0.1167144775
0.2353363037
0.2574462891
0.0888977051
-0.0540161133
0.0182952881
0.2456207275
0.2486267090
0.0428771973
-0.0308227539
0.3092956543
0.0832061768
0.1671600342
0.2009124756
0.0572814941
0.0275268555
0.2847900391
0.0590057373
-0.1737213135
0.1738128662
0.3909149170
0.1582489014
0.1115417480
0.1289825439
-0.0245513916
0.2132110596
0.2870635986
0.0266571045
-0.0884246826
0.2352905273
0.1894836426
0.0053558350
0.1227874756
0.0324859619
0.1810150146
-0.0074462891
-0.0786743164
0.2333831787
0.1739044189
0.0376739502
0.0226440430
0.0091552734
0.2080841064
0.1579437256
-0.2076263428
0.0756530762
0.1833953857
0.0134735107
-0.0044860840
0.1512756348
-0.0362701416
-0.0013580322
0.0364837646
0.0124511719
0.1670074463
0.1333160400
0.1487731934
0.1939849854
-0.0845489502
0.2249755859
0.3849792480
0.1609649658
0.2057189941
0.2134704590
0.0697326660
0.3184661865
0.3266143799
0.1864318848
0.2948455811
0.2335357666
0.0604705811
0.2296752930
0.3180694580
0.1956329346
0.2472381592
0.0598602295
-0.0594940186
0.1752929688
0.3258819580
0.1843414307
0.0646667480
-0.1087951660
0.0996093750
0.1913299561
0.0763092041
0.0880737305
0.0353393555
-0.0373229980
0.1220550537
0.2552947998
0.2570343018
0.0687408447
-0.0961151123
-0.0769195557
0.2569122314
0.1990661621
0.0590362549
0.1808471680
-0.0977783203
-0.0531158447
0.2209930420
0.2414245605
0.1161499023
-0.0053253174
-0.0312652588
0.0557098389
0.0499114990
-0.0499725342
0.1768035889
0.1930694580
0.1112670898
-0.1199493408
-0.0529937744
0.1508941650
0.0501251221
0.1845092773
0.2305297852
-0.1490478516
-0.0223541260
0.1966400146
0.1646575928
0.0950164795
0.0248107910
0.2351684570
0.2547760010
0.0297088623
-0.0635070801
-0.1686401367
-0.0412445068
0.2659606934
0.2355346680
0.2281646729
0.0908660889
0.0819396973
-0.0135345459
0.0598907471
0.2949371338
0.1092834473
-0.0398864746
-0.1439971924
-0.0079498291
0.1795196533
0.1763153076
0.1892089844
-0.0420379639
0.0449981689
0.1153411865
-0.0029449463
0.0302429199
0.0624389648
0.1663818359
0.1395721436
0.0220184326
0.0238189697
-0.0422363281
0.0013122559
0.2108764648
0.0871429443
0.0629119873
-0.0408630371
-0.1420745850
0.1105346680
0.1773223877
-0.0026855469
-0.0264282227
-0.0155639648
0.2789306641
0.3381195068
0.1377868652
-0.2001495361
-0.1308898926
0.0743408203
0.1187133789
0.1966247559
0.0669860840
-0.1082305908
-0.1536407471
0.1721649170
0.3247833252
0.1382598877
-0.1660156250
-0.0624389648
0.1422119141
0.1087493896
0.0863037109
0.2376708984
0.2254180908
-0.0894927979
-0.1822662354
0.1072387695
0.1703796387
0.3272857666
0.0330505371
-0.0472412109
0.0417938232
0.1365661621
0.2048645020
0.3992919922
0.0861206055
-0.0545501709
0.1768646240
0.0905151367
0.0086975098
0.2064208984
0.0216827393
-0.3086700439
0.1297912598
0.1553039551
0.1331787109
0.2556152344
0.1189727783
-0.0831451416
0.0389862061
0.2169647217
0.2241821289
0.0572052002
-0.0860443115
0.0106964111
0.0225372314
0.1931762695
0.1398925781
0.0377197266
-0.2349548340
-0.1030731201
0.0612182617
0.1125946045
0.2304382324
0.0538024902
-0.1013946533
0.0942382812
-0.0004577637
0.0369720459
0.0820617676
0.2354125977
-0.0301971436
-0.1171264648
0.0717315674
0.0085601807
-0.0473327637
0.2440643311
0.1378936768
-0.1855010986
0.0919036865
0.1036529541
-0.0256347656
0.3046112061
0.1604919434
-0.1392517090
-0.1069030762
0.0865936279
0.1760559082
0.0557708740
-0.0077514648
-0.0186920166
0.0041198730
0.1060943604
0.2955932617
0.0508575439
-0.0363159180
0.0671691895
0.1187133789
0.3298187256
0.1953125000
0.1054077148
0.3192596436
0.1859741211
0.2118072510
0.2723693848
0.3436279297
0.2863769531
0.1113128662
0.0081939697
0.0157165527
0.2535095215
0.2839813232
0.1806030273
0.0199127197
-0.0685272217
0.1133422852
0.1892547607
0.0099945068
0.0229492188
0.2379455566
0.0913238525
-0.0532989502
0.0047760010
0.1748962402
0.2195739746
0.1044006348
0.0573883057
0.0195312500
0.1026306152
0.1977081299
0.0561065674
0.0701293945
0.0934143066
0.0701141357
0.1432952881
0.0108032227
-0.0095977783
0.2991180420
0.0102691650
-0.0311584473
0.0958404541
-0.0813293457
0.1563415527
0.0644226074
-0.0507049561
0.1233825684
0.0410003662
-0.1314849854
0.1946868896
0.1419067383
0.1264495850
0.0985260010
-0.1612396240
0.1366271973
0.2668762207
0.3086700439
0.2495574951
0.0946197510
0.1234130859
0.0746459961
0.3026733398
0.3149261475
0.1226043701
0.0851135254
0.1165161133
0.2140502930
0.1181335449
0.0928497314
0.0005950928
0.0475006104
0.2143402100
0.1830139160
0.0010833740
0.0563659668
0.0209655762
0.0853118896
0.0837402344
-0.0237579346
0.0916900635
0.0533447266
0.0037078857
0.0963439941
0.0449981689
0.0772247314
0.1658782959
0.1128082275
-0.1592559814
-0.0867767334
0.0171661377
0.2426605225
0.2336578369
0.2011260986
0.1672210693
0.1477355957
0.0310668945
0.1365661621
0.1272277832
0.0703582764
0.2452392578
0.1116943359
-0.0461120605
0.1900787354
0.1038818359
-0.0971832275
0.1838531494
0.1672515869
0.0436706543
0.2118377686
0.2691802979
0.0837097168
-0.0908660889
0.2002563477
0.2066802979
0.2420654297
0.0941314697
-0.1345520020
0.1377716064
0.1585998535
0.2341613770
0.3622283936
0.2058258057
0.0967712402
0.2059020996
0.2294616699
0.1552734375
0.2412719727
0.1125183105
0.1866302490
0.2289123535
0.1674499512
0.1648712158
0.1817321777
0.1248779297
0.1779327393
0.1087036133
0.0204467773
-0.1137084961
0.1058654785
0.2847137451
0.5168609619
0.2221069336
0.0988159180
0.0264892578
0.0101013184
0.2645111084
0.0957031250
0.0484466553
0.0629882812
0.0421447754
0.0847473145
-0.0289764404
0.1363372803
0.0580291748
0.0120849609
0.0438079834
0.0632781982
0.0916595459
0.2097167969
0.2002258301
-0.0701751709
0.2551116943
0.2410125732
0.2793426514
0.2298126221
0.1559295654
0.1229553223
-0.0378417969
0.0822448730
0.1790924072
0.1102752686
0.2795715332
0.0766143799
0.0080261230
0.0269927979
0.0946960449
0.2640533447
-0.0623016357
0.0631408691
0.2831268311
-0.0970001221
0.0372161865
0.2911834717
0.1690368652
0.0622863770
-0.0627593994
-0.0499420166
-0.0798645020
0.0494842529
0.3424682617
0.2480010986
-0.0290222168
0.0308685303
-0.0963287354
-0.0632019043
0.2461547852
0.1676177979
-0.0042266846
0.0977020264
-0.0619506836
0.0803070068
0.1003112793
-0.0282287598
0.1551818848
0.1003875732
-0.1667327881
-0.0375061035
0.0605316162
0.1337738037
0.1763153076
0.0421752930
-0.1430206299
0.2488403320
0.3445587158
0.2146301270
0.2185516357
0.0573883057
-0.0375213623
0.0573730469
0.1214294434
0.0844268799
0.2192535400
0.1491699219
0.2431793213
0.2572326660
0.0545806885
-0.0272216797
0.0866546631
0.1280059814
0.1524200439
0.2147979736
0.0142211914
0.1237335205
0.2483520508
-0.0139923096
-0.0494079590
0.1831207275
-0.0745697021
-0.2008056641
-0.0085296631
0.0591583252
-0.0093994141
-0.0380554199
-0.1981201172
-0.3234710693
-0.2167053223
-0.0098266602
0.2211456299
0.2930908203
-0.0197906494
-0.1376953125
-0.0698089600
0.1066436768
0.2981109619
0.3063659668
0.1027221680
0.0015869141
0.0928039551
0.3870086670
0.3873443604
0.1742553711
0.2035675049
0.1217041016
0.0500183105
0.3322143555
0.3701171875
0.2697143555
0.0846099854
-0.0442962646
0.0318298340
0.1673278809
-0.0835418701
0.1619720459
0.0301361084
-0.2542877197
-0.0082397461
0.1929931641
-0.2903137207
-0.2711486816
0.2737884521
0.4298400879
-0.1498260498
0.0356140137
-0.0063629150
-0.0045318604
0.3213958740
0.2537994385
0.0002288818
-0.1204223633
0.1779174805
-0.1309661865
-0.1219177246
0.0616302490
0.1037292480
-0.1726989746
-0.2717132568
-0.0396270752
-0.0347290039
-0.0558319092
0.0498504639
-0.2291870117
-0.1358032227
0.0248870850
0.0702514648
0.1756744385
-0.0021514893
-0.0466613770
0.1397094727
0.1027526855
0.3056335449
0.1684875488
-0.0513153076
-0.0009765625
-0.0807342529
0.1446685791
0.2108306885
0.2342834473
0.2472076416
-0.0558319092
-0.3816223145
-0.0756835938
0.2021789551
0.1643981934
-0.0612487793
-0.0507965088
-0.1855010986
-0.0609436035
0.1722259521
0.1831512451
0.1472625732
-0.2866516113
-0.1544189453
0.1758117676
0.2913665771
0.3251800537
0.1979064941
-0.3207397461
-0.1088409424
0.1016387939
0.1063995361
0.0988464355
-0.0515899658
-0.2388458252
-0.0418395996
0.0514068604
-0.0251464844
0.1601257324
-0.0233764648
-0.2265014648
0.0051116943
0.1048583984
0.0654296875
-0.0205535889
-0.0193176270
-0.1489562988
0.0148773193
0.1090240479
0.0687255859
0.1465606689
0.0751495361
-0.0822296143
-0.0367889404
0.2744140625
0.1932678223
-0.0360565186
0.1719970703
0.0863800049
0.0901641846
0.0904998779
0.1779479980
0.0387268066
0.0188903809
0.0781707764
0.1382446289
0.2092742920
0.0502929688
-0.0204315186
0.0164489746
0.1714477539
0.1097869873
0.0128021240
-0.1051483154
0.0494079590
0.1177825928
-0.0248565674
0.1115264893
-0.0458526611
-0.0099945068
0.0611114502
0.0617218018
-0.0615081787
0.2168273926
0.2084045410
-0.0066680908
0.0145416260
0.0384674072
0.1498718262
0.1766357422
0.0349273682
0.1136322021
-0.0824432373
-0.1306304932
0.0774383545
0.0836791992
0.0303192139
0.1974029541
-0.0708618164
-0.1689300537
-0.0718688965
-0.0539093018
0.1916351318
0.2143859863
0.0176391602
-0.1299591064
0.0358428955
0.0354309082
-0.1394195557
0.0307922363
0.2332611084
0.0581359863
-0.0028991699
0.1845245361
0.1355590820
0.0857391357
0.1052551270
0.1951599121
0.1170196533
-0.1308288574
0.1424255371
0.2430419922
0.1295928955
0.1455993652
-0.0441741943
-0.0294036865
0.0420227051
-0.0574188232
0.2207794189
0.1898803711
-0.0830535889
-0.0629272461
0.0341644287
-0.0812683105
0.0345001221
0.2659606934
0.2070159912
-0.1163177490
0.0516357422
0.3796844482
0.2100219727
0.2033538818
0.2312164307
0.1646881104
0.1011810303
0.1139373779
0.0549926758
0.1320190430
0.3161163330
0.2821044922
0.0602111816
-0.0957183838
0.0514831543
0.0380554199
0.0500640869
0.1451568604
0.0630950928
-0.0861816406
0.0561828613
0.1031951904
-0.0892791748
0.0335388184
-0.0144348145
-0.0873870850
-0.1060485840
-0.0943603516
0.1902008057
0.1714019775
-0.0712280273
0.0226287842
0.0351409912
0.0264587402
0.0452880859
-0.1249847412
0.2006530762
-0.0341186523
-0.1471710205
0.0337371826
0.0309448242
0.0500183105
0.0912780762
0.0218811035
-0.0855255127
0.0634155273
0.1642150879
0.1598358154
0.1764221191
0.1748504639
-0.0541534424
-0.0219268799
0.4317474365
0.3183593750
0.0828704834
0.2112426758
0.1690826416
0.2596893311
0.2839660645
0.1441040039
0.0897216797
0.0880279541
0.3484497070
0.2827911377
0.1716918945
0.0304718018
0.0141143799
0.1674804688
0.1488494873
0.0087890625
0.1237030029
-0.0156860352
-0.1462249756
-0.1378021240
0.1109466553
0.1405334473
0.0246429443
0.1127166748
0.0896759033
-0.1904144287
-0.1056518555
0.1864471436
0.2223510742
0.1805419922
-0.0024108887
0.0772399902
0.1419982910
0.0357971191
0.0408935547
0.0151062012
0.0760955811
0.2550354004
0.1454925537
-0.1188659668
0.1566467285
0.2844390869
0.1876373291
0.2340545654
0.1048126221
-0.0715484619
-0.0522766113
0.2131195068
0.2996673584
0.4050903320
0.1522369385
-0.1632232666
-0.0810394287
-0.0717315674
0.1098022461
-0.0636291504
-0.0413513184
0.0962066650
-0.0029144287
0.1589965820
0.1692047119
0.2197265625
0.1081390381
0.3787231445
-0.0105285645
0.0266723633
0.2750244141
0.2005004883
0.2397766113
0.0646362305
0.0037841797
0.1201171875
0.2301635742
0.3050994873
0.3226165771
0.2710266113
0.0996551514
0.2785034180
0.2493438721
0.1531982422
0.2393646240
0.0631713867
0.1052551270
0.1130371094
0.2593841553
0.1702575684
0.1544952393
0.0180816650
0.0046997070
0.0398406982
0.0629119873
0.1524963379
0.0081634521
0.0550384521
0.0243072510
-0.1415405273
-0.0472564697
0.0469207764
-0.0167236328
-0.1832733154
-0.0972900391
0.0056304932
0.1177215576
0.2391815186
0.2095031738
-0.0765686035
0.1463623047
0.1331481934
0.1388397217
0.1904296875
0.2512664795
-0.0886688232
0.1371154785
0.2964477539
0.0694274902
0.1043701172
0.1846618652
0.0791931152
-0.0380249023
0.0766601562
-0.0527801514
0.1516113281
0.4686737061
0.0491638184
-0.2142639160
0.1134338379
0.0901794434
-0.0971679688
0.2081756592
0.3669281006
-0.1761932373
-0.1013946533
0.3226013184
0.2259674072
0.1051483154
0.3602294922
0.1149749756
-0.0584411621
0.0963897705
0.2521820068
0.3224334717
0.3177795410
-0.1252593994
0.1266021729
0.3607635498
0.1492614746
0.1660461426
0.1279449463
-0.2163085938
0.1196594238
0.2882385254
0.2771759033
0.0809783936
-0.0300598145
0.1870117188
0.1257781982
0.0295715332
0.2471771240
0.2676849365
-0.1626586914
-0.1098937988
0.2301788330
0.0222320557
-0.0218505859
0.0820465088
-0.2813720703
-0.2373504639
-0.0130310059
0.2865447998
0.2906188965
0.2507629395
0.2935638428
0.0238800049
0.1862792969
0.3264312744
-0.0383148193
0.1905822754
0.2442321777
0.0448303223
-0.0204925537
0.0439758301
0.1827545166
-0.0462493896
0.2084960938
0.2726287842
-0.0380554199
0.1222381592
0.3120574951
0.0246887207
0.0585937500
0.2482604980
0.1878509521
0.1174621582
0.1085510254
0.0063629150
0.1075592041
0.3001251221
0.1178894043
-0.0670776367
0.1328582764
0.2118530273
0.2024536133
0.2983703613
0.2319488525
0.2115936279
0.1613159180
0.1668853760
0.1006622314
0.1514434814
0.0016784668
0.0786743164
0.1604614258
0.1125946045
0.1670532227
0.0947265625
-0.0797119141
0.0572509766
0.1750488281
-0.0241699219
-0.0974426270
0.0811920166
0.0746612549
0.0805969238
0.0977783203
0.2183837891
0.3548889160
0.1230316162
0.2217712402
0.1667480469
-0.1634521484
0.0459136963
0.1866302490
-0.1245269775
-0.1254730225
-0.1791839600
-0.2192230225
-0.0957794189
0.0135955811
0.1374053955
-0.0522460938
-0.1580963135
0.0040588379
0.1913299561
0.0467529297
0.0505371094
0.2252502441
-0.0617675781
0.0027465820
0.2826080322
0.1611785889
0.2884521484
0.2294921875
0.1483917236
0.2208709717
0.2298278809
0.2172088623
0.2806854248
0.2113342285
0.0860137939
0.1054687500
0.1479492188
0.0966186523
0.1230621338
0.0920104980
-0.0071868896
-0.1215820312
0.0240783691
0.1241760254
0.1449737549
0.0832519531
0.1504364014
-0.0072631836
0.0097808838
0.2190551758
0.1639251709
0.0930328369
0.1278076172
-0.0307617188
-0.0349884033
-0.0213165283
-0.0487365723
0.1069488525
0.2470550537
-0.0063781738
-0.1634674072
-0.0270843506
0.0227966309
0.0653686523
0.0994415283
0.1570587158
0.0526428223
0.0518035889
0.2585601807
0.2800750732
0.3131408691
0.1818237305
0.1403350830
0.0882263184
0.3144989014
0.2929840088
0.0517272949
-0.0696411133
-0.2560272217
-0.1826782227
-0.1201934814
-0.0896453857
0.0496978760
0.0211944580
-0.0422058105
-0.0821075439
-0.0989379883
0.1514129639
0.1577911377
0.1573791504
0.3399810791
-0.0988616943
-0.1423187256
0.1916198730
0.2910766602
0.1326751709
0.1384429932
0.0469360352
0.0124664307
0.2032012939
0.1261444092
0.1083221436
0.1529388428
-0.0464935303
0.0199432373
0.2854461670
0.1690216064
0.3143920898
0.3576660156
0.2571868896
0.2681884766
0.2422485352
-0.0001678467
0.0451812744
-0.1002197266
-0.2204437256
0.0936737061
0.2346038818
0.1195373535
0.0788879395
-0.1297912598
-0.3292388916
-0.2656097412
0.0345306396
0.2475891113
0.1383361816
-0.0850677490
-0.0159759521
-0.0435638428
0.2605743408
0.4640197754
0.2034759521
0.0752716064
0.0531768799
0.0059051514
0.1132507324
0.0238800049
-0.1969451904
-0.1059570312
-0.2667694092
-0.1546630859
-0.0124511719
0.1688079834
0.1546020508
-0.2391967773
-0.1668548584
0.0587921143
0.3204803467
0.2021026611
0.0300750732
-0.1278533936
-0.1599121094
0.1424560547
0.2766418457
0.2130889893
0.1194610596
-0.0988616943
-0.1756134033
0.0238037109
0.3123321533
0.1922149658
0.1569213867
-0.1161956787
-0.2165374756
-0.0157165527
0.1600494385
0.1683044434
0.0629119873
0.1274871826
0.0704498291
0.0433502197
0.1270751953
0.2100677490
0.0901184082
-0.1489715576
0.0049133301
0.0140686035
-0.0735626221
0.0802154541
0.2327880859
0.2284393311
0.1132965088
0.1097412109
0.0853424072
-0.1099700928
0.1823425293
0.3086853027
0.1402893066
0.1204223633
0.0163421631
-0.0114898682
0.1322021484
0.3092193604
0.3119659424
0.2970581055
-0.1868438721
-0.2610473633
0.1322631836
0.2289886475
0.1784515381
0.0900726318
-0.1706085205
-0.1136627197
0.1190643311
0.1753540039
0.0872344971
0.0151672363
-0.0529479980
0.0913543701
0.0481872559
-0.0156860352
-0.0701904297
-0.1096801758
0.1416320801
0.2835998535
0.1906433105
-0.0533294678
0.0411682129
0.1537017822
0.1433410645
0.3554840088
0.1797637939
0.1875305176
-0.0348815918
-0.0462799072
0.2201538086
-0.0697631836
-0.1232452393
0.1442413330
0.0906372070
-0.1293487549
-0.1365966797
0.1446075439
0.2108306885
-0.1416473389
-0.0512237549
0.0423126221
-0.0172729492
-0.0814208984
0.0602874756
0.1820678711
-0.1594085693
-0.0821075439
0.0384063721
0.0110473633
0.0551605225
0.0594940186
0.1361236572
0.1556243896
0.1095428467
0.0812072754
0.2050628662
0.0807952881
0.3260192871
0.2776184082
0.0511169434
-0.0486907959
-0.0297698975
0.2412109375
-0.0427398682
0.0340118408
0.2850952148
0.0386962891
-0.0727844238
-0.0696716309
0.0801086426
0.3460540771
0.2462158203
-0.0218811035
0.0432434082
0.1402282715
-0.0307464600
0.3064880371
0.1886291504
-0.0908813477
0.0843658447
0.1576538086
0.0559692383
0.2628784180
0.1327056885
0.0260009766
0.1601104736
0.1591491699
0.0441131592
-0.0636444092
0.0556030273
0.3537292480
0.0772552490
-0.0553436279
0.2984771729
0.0819702148
0.1685638428
0.0829315186
0.1237335205
0.2857818604
0.0027618408
0.0834350586
0.2278747559
0.0528411865
-0.0409240723
0.0621643066
0.2248077393
0.3450622559
-0.0233154297
-0.2773590088
-0.0632629395
0.0846405029
0.0562286377
0.1556854248
0.0580596924
-0.2443847656
0.0370788574
0.1388092041
0.0503387451
0.1977539062
0.1501464844
-0.0838012695
0.1680908203
0.1616058350
0.1112518311
0.3320312500
-0.0481414795
-0.2909240723
0.0758819580
0.1199340820
0.1180419922
0.1520080566
0.1124572754
0.1025848389
0.0689392090
-0.0437774658
0.1318359375
0.2339630127
0.2108306885
0.0297546387
0.1730804443
0.1353454590
0.2464294434
0.3726196289
-0.0112609863
-0.0372314453
-0.0384063721
-0.1062622070
0.2424011230
0.4288024902
0.5036621094
0.2637786865
-0.0460815430
-0.0486907959
0.1154785156
0.4060058594
0.4622344971
0.0241088867
0.0595703125
-0.0097045898
0.0545806885
0.3761596680
0.2845306396
0.1399993896
-0.1876220703
0.0930633545
0.3212738037
0.1986236572
0.3110351562
0.1771850586
-0.1375122070
0.0017242432
0.1007690430
0.1554565430
0.3628387451
0.1257324219
0.0289764404
0.0547943115
-0.0662231445
0.1638641357
0.1724700928
-0.0701446533
-0.1020812988
0.0569000244
0.0578613281
0.0804290771
0.1054992676
-0.0183868408
-0.0414733887
0.1660308838
0.0481872559
0.0807952881
0.1920318604
-0.0139923096
-0.0362243652
0.1024322510
0.0694122314
0.0846099854
0.1436767578
0.0965881348
0.0638885498
0.1659698486
0.2881774902
0.1079406738
0.0602722168
0.1984252930
0.1065673828
0.0919799805
0.4394836426
0.4139862061
0.1395263672
0.0365905762
0.3208465576
0.2194213867
0.1589965820
0.4339752197
0.2429656982
0.0100097656
0.1260986328
0.3590240479
0.3864440918
0.1946105957
0.2011718750
0.2610321045
0.0886840820
0.2177581787
0.3060913086
0.2154235840
0.1193695068
0.1961669922
0.1944732666
0.2468261719
0.1561279297
0.0687866211
0.0130920410
0.0957794189
0.1860961914
0.0323333740
-0.0371551514
0.0778350830
0.0702667236
-0.0311737061
0.0922698975
0.1168975830
-0.0807037354
-0.0746917725
-0.0565795898
-0.0266265869
0.0319519043
-0.0129241943
0.0639801025
0.0837707520
0.0456695557
-0.0937805176
0.0316925049
0.1402893066
0.0668334961
-0.0726776123
-0.0048370361
0.1741638184
0.1725616455
0.0015258789
0.1385803223
0.1994323730
0.0368957520
0.1205139160
0.2363433838
0.1912231445
0.0776824951
0.1879882812
0.2716522217
0.2170562744
0.1718444824
0.2467956543
0.1755523682
0.2231445312
0.2059631348
0.1875457764
0.3150024414
0.3520355225
0.1827697754
0.1806182861
0.2126770020
0.2120056152
0.3690948486
0.3798675537
0.2954101562
0.2404632568
0.2507324219
0.3468780518
0.3138732910
0.2217254639
0.2006072998
0.1962280273
0.3323211670
0.3092498779
0.3268737793
0.3439178467
0.1565399170
0.2414093018
0.2958221436
0.2610473633
0.2211456299
0.0828704834
0.1488494873
0.2550964355
0.3051300049
0.1663818359
-0.0312500000
0.1719970703
0.2612762451
-0.0404052734
0.1342773438
0.1988220215
0.0425720215
0.0988769531
0.1378631592
-0.0318908691
0.0418090820
0.1608276367
0.0366363525
0.0413055420
0.0426483154
0.0010681152
0.0041503906
0.0949249268
0.0575103760
0.0256042480
0.0715637207
0.0897827148
0.0987396240
0.1045837402
0.1258850098
0.1661071777
0.0929260254
0.0989532471
0.1547393799
0.0335388184
0.1302185059
0.1824188232
0.1635742188
0.2548065186
0.1986846924
0.1430816650
0.2068023682
0.1472625732
0.2431793213
0.2131195068
0.1842651367
0.2258453369
0.2182312012
0.2313690186
0.2908630371
0.2378082275
0.0851135254
0.1405639648
0.2219696045
0.2550659180
0.2138519287
0.2411193848
0.2818756104
0.1565856934
0.1383361816
0.1484375000
0.1202697754
0.1334228516
0.1087036133
0.0820770264
0.0758514404
0.0986633301
0.0518798828
0.1037292480
0.1078491211
0.0923004150
0.1179656982
-0.0036315918
0.0713958740
0.0355377197
0.0762176514
0.1339416504
0.0362548828
0.0276489258
0.0672149658
0.0383300781
0.0511779785
0.0955352783
0.1061859131
0.0505981445
0.0870666504
0.1051788330
0.0019531250
0.0001831055
0.0233917236
0.0289306641
-0.0069427490
0.0544433594
0.0032958984
0.0083160400
0.0730590820
-0.0418243408
-0.0213317871
0.0775909424
0.0593719482
0.0229949951
0.0403594971
0.0941009521
0.0925903320
0.0644531250
0.1347503662
0.1093444824
0.0222167969
0.0848541260
0.0599517822
0.1223602295
0.1680450439
0.1902465820
0.1566162109
0.1029205322
0.1233673096
0.1188812256
0.1048889160
0.0784301758
0.0953826904
0.0831909180
0.1371612549
0.1613922119
0.1783599854
0.0922698975
0.1020050049
0.0779266357
0.1098480225
0.1388854980
0.1124572754
0.1033325195
0.0179901123
0.0675506592
0.0452728271
0.0178833008
0.0326385498
0.0349121094
0.0203857422
-0.0031433105
0.0101776123
-0.0380249023
0.0079498291
0.0989074707
0.0882263184
0.0210723877
0.0461578369
0.0390167236
0.0457305908
0.0608520508
0.0670013428
0.0916290283
0.0241241455
0.1402435303
0.0963592529
0.0460510254
0.0077972412
0.0011749268
0.0003509521
0.0669708252
0.1162872314
-0.0287322998
-0.0099334717
0.0474700928
0.0101318359
0.0023345947
0.0683288574
0.0113372803
0.0284881592
0.0295257568
0.0675048828
0.1322326660
0.0714874268
0.0782470703
0.0838012695
0.0986022949
0.1670989990
0.1442260742
0.0188446045
0.0567321777
0.1043090820
0.0896453857
0.1296081543
0.1206512451
0.0854034424
0.1228790283
0.1492004395
0.0889587402
0.0541229248
0.1210327148
0.1364288330
0.1260070801
0.1380767822
0.1511688232
0.1011657715
0.0837249756
0.1519775391
0.1371459961
0.1172485352
0.0642547607
0.0792541504
0.0703582764
0.1338043213
0.1566467285
0.1144409180
0.1163177490
0.1213073730
0.1173858643
0.1149597168
0.1518554688
0.1407318115
0.1284942627
0.0701446533
0.1449584961
0.1297607422
0.1186370850
0.1783294678
0.1517944336
0.1335906982
0.1610107422
0.1778869629
0.1367034912
0.0945129395
0.0933685303
0.1483154297
0.1210632324
0.1325225830
0.0964355469
0.0436553955
0.1069641113
0.1219482422
0.1260528564
0.0856018066
0.0585327148
0.0361938477
0.0450744629
0.0752258301
0.0412750244
0.0612640381
0.0918731689
0.0923004150
0.0461120605
0.0767974854
0.1034851074
0.0397186279
0.0342254639
0.0848693848
0.0386505127
0.0494995117
0.0671386719
0.0378112793
0.0111694336
0.0365142822
0.0419006348
0.0426635742
0.0509948730
0.0707397461
0.0422821045
0.0499725342
0.0893859863
0.0686340332
0.0559387207
0.0928344727
0.0879821777
0.0856933594
0.0885620117
0.1166992188
0.1183319092
0.0923309326
0.1115417480
0.1085052490
0.0926818848
0.1071319580
0.1205444336
0.1046142578
0.0914459229
0.1051483154
0.0903167725
0.0866241455
0.1062011719
0.0900115967
0.0875396729
0.0703582764
0.0863800049
0.0797119141
0.0653533936
0.1018676758
0.0954437256
0.0707550049
0.0823822021
0.0921325684
0.0515136719
0.0567321777
0.0794219971
0.0678100586
0.0435028076
0.0638885498
0.0763092041
0.0441436768
0.0331268311
0.0700683594
0.0570983887
0.0161743164
0.0328063965
0.0320892334
0.0102691650
-0.0045013428
0.0307006836
0.0075683594
-0.0092163086
0.0075988770
0.0038757324
0.0001220703
-0.0125579834
0.0066070557
-0.0078582764
-0.0263824463
0.0014495850
0.0092163086
-0.0121459961
-0.0166168213
0.0213623047
0.0068969727
0.0076599121
0.0317077637
0.0213012695
0.0342864990
0.0240631104
0.0425415039
0.0634002686
0.0324707031
0.0560913086
0.0768585205
0.0749816895
0.0797882080
0.0949859619
0.1176910400
0.1033935547
0.1174468994
0.1329650879
0.1309509277
0.1174621582
0.1234588623
0.1296997070
0.1207885742
0.1087646484
0.1229095459
0.1334533691
0.1017913818
0.1113739014
0.1223602295
0.1098327637
0.0986328125
0.1192474365
0.1134033203
0.0901336670
0.1116638184
0.1074676514
0.0819396973
0.1053314209
0.1097869873
0.0904388428
0.0664062500
0.0923767090
0.0798034668
0.0498657227
0.0761260986
0.0747985840
0.0482177734
0.0365447998
0.0698242188
0.0408020020
0.0275726318
0.0396728516
0.0579223633
0.0145111084
0.0341949463
0.0504913330
0.0436096191
0.0253753662
0.0158843994
0.0498046875
0.0410156250
0.0106201172
0.0718383789
0.0259552002
0.0420227051
0.0560150146
0.0628051758
0.0167541504
0.0522460938
0.1038360596
0.0096588135
0.0252838135
0.0923614502
0.0936431885
0.0667114258
0.0218048096
0.1099548340
0.0848083496
0.0436401367
0.1016387939
0.0898437500
0.0767059326
0.0634002686
0.1176605225
0.1082763672
0.0557098389
0.1013183594
0.1060638428
0.0689392090
0.0812988281
0.0927734375
0.0900268555
0.0722961426
0.0567169189
0.1031036377
0.0711975098
0.0478515625
0.0772399902
0.0788116455
0.0608978271
0.0483551025
0.0875244141
0.0713043213
0.0448913574
0.0728454590
0.0907897949
0.0652160645
0.0487823486
0.1076354980
0.0752716064
0.0505981445
0.0961151123
0.0830535889
0.0342102051
0.0858154297
0.0798645020
0.0419921875
0.0975494385
0.0798797607
0.0511779785
0.1181488037
0.0621948242
0.0459747314
0.1295928955
-0.0228271484
0.0828247070
0.0467071533
0.0152893066
0.0893402100
0.0078277588
0.0714416504
0.0630950928
0.0093231201
0.0330810547
-0.0246887207
-0.0075225830
-0.0050048828
-0.0122833252
-0.0030517578
-0.0003662109
0.0130004883
0.0092926025
-0.0308074951
0.0053710938
-0.0425872803
-0.0337677002
-0.0166625977
-0.0486297607
0.0117950439
-0.0267791748
-0.0083312988
-0.0010070801
-0.0582122803
-0.0160827637
-0.0583953857
-0.0443878174
-0.0326080322
-0.0361022949
0.0007171631
-0.0244750977
-0.0025482178
-0.0163421631
-0.0567779541
-0.0325317383
-0.0622253418
-0.0369262695
-0.0201721191
-0.0323638916
0.0195617676
-0.0186614990
-0.0037536621
-0.0200347900
-0.0477294922
-0.0254211426
-0.0614166260
-0.0328063965
-0.0003051758
-0.0271453857
0.0249023438
-0.0208892822
0.0066375732
-0.0025024414
-0.0567932129
-0.0080261230
-0.0591583252
-0.0333557129
0.0019836426
-0.0340423584
0.0259399414
-0.0150756836
-0.0077972412
-0.0145874023
-0.0570526123
-0.0326690674
-0.0745391846
-0.0403594971
-0.0464630127
-0.0243072510
-0.0305328369
-0.0354461670
-0.0203247070
-0.0673370361
-0.0582885742
-0.0924530029
-0.0960540771
-0.0641632080
-0.0978240967
-0.0698089600
-0.0697021484
-0.0796051025
-0.0474395752
-0.0952758789
-0.0963897705
-0.0958557129
-0.1365661621
-0.0730438232
-0.0800018311
-0.0619964600
-0.0131225586
-0.0772705078
-0.0133361816
-0.0459289551
-0.0988616943
-0.1078338623
-0.1406402588
-0.0762939453
-0.0870971680
-0.0782318115
-0.0278472900
-0.0497131348
-0.0258331299
-0.0212860107
-0.0513916016
-0.0377655029
-0.0281524658
-0.0376892090
-0.0175476074
-0.0262298584
-0.0117340088
0.0249786377
-0.0506286621
-0.0066986084
-0.0722351074
-0.1081848145
-0.0291748047
-0.1321868896
-0.0563812256
-0.0274963379
-0.0843658447
0.0161895752
-0.0635833740
-0.0858154297
-0.0007629395
-0.0957183838
-0.0739898682
-0.0198364258
-0.0999298096
-0.0127258301
0.0434417725
-0.0567626953
0.0291137695
0.0354919434
-0.0158538818
0.0052032471
0.0133819580
0.0010223389
-0.0157012939
0.0674743652
0.0680236816
0.0116882324
0.0842590332
0.0625152588
0.0426635742
0.0583801270
0.0656433105
-0.0376892090
-0.0757446289
-0.0042724609
-0.0308685303
-0.0385131836
0.0040893555
-0.0336761475
-0.0480041504
0.0189514160
0.0077667236
-0.0236968994
-0.0281677246
0.0316162109
0.0153656006
-0.0216979980
-0.0257720947
0.0429077148
-0.0265350342
0.0029144287
0.0663757324
0.0570983887
0.0779113770
0.1103820801
0.1493835449
0.1129150391
0.1269226074
0.1046295166
0.0609436035
0.1441802979
0.1358032227
0.1028442383
0.1239318848
0.1182403564
0.0909729004
0.1375732422
0.0706939697
-0.0027770996
0.0003051758
0.0401611328
0.0210113525
0.0213012695
0.0388793945
0.0346221924
0.0492248535
0.0764617920
0.0817565918
0.1092071533
0.1511688232
0.1217346191
0.1211700439
0.1323242188
0.0950164795
0.1338348389
0.1610565186
0.1319274902
0.0951843262
0.0994720459
0.0899658203
0.1075592041
0.1414947510
0.1206665039
0.0856933594
0.0970153809
0.1178283691
0.1074371338
0.0858764648
0.0966796875
0.0844879150
0.0915679932
0.1564788818
0.1079559326
0.1128997803
0.1353302002
0.0875854492
0.0993041992
0.1193542480
0.0804595947
0.0653076172
0.0731353760
0.0709533691
0.0680084229
0.0734100342
0.1028747559
0.0725402832
0.0845031738
0.0919189453
0.0628967285
0.0516967773
0.0784301758
0.0697021484
0.0640411377
0.0816345215
0.0953674316
0.0815277100
0.1086120605
0.1210327148
0.0617675781
0.0695953369
0.1174163818
0.1011199951
0.1119079590
0.0914764404
0.0686340332
0.0387878418
0.0605316162
0.1001434326
0.0808410645
0.0770568848
0.0889282227
0.0475616455
0.0617523193
0.1198425293
0.0895690918
0.0899353027
0.1012878418
0.0821990967
0.0774383545
0.0771331787
0.1157379150
0.0969390869
0.0863037109
0.1006774902
0.0901184082
0.0929260254
0.1492309570
0.1263427734
0.1001434326
0.1490173340
0.1648864746
0.1337432861
0.1417083740
0.1694946289
0.1380004883
0.1345672607
0.1521453857
0.1457366943
0.1146392822
0.1271362305
0.1602478027
0.1280059814
0.1207733154
0.1523895264
0.1443023682
0.1294403076
0.1428070068
0.1227569580
0.1097717285
0.1022186279
0.1179962158
0.1029357910
0.0834808350
0.1116333008
0.1012725830
0.0864868164
0.0854644775
0.0922241211
0.0658111572
0.0514068604
0.0760650635
0.0688781738
0.0348205566
0.0519256592
0.0678253174
0.0505523682
0.0356445312
0.0571746826
0.0628814697
0.0422973633
0.0639038086
0.0685882568
0.0570526123
0.0342407227
0.0668182373
0.0748748779
0.0468750000
0.0569610596
0.0681457520
0.0690002441
0.0703887939
0.0916442871
0.0910644531
0.0746612549
0.0902862549
0.1046142578
0.0991668701
0.0886535645
0.1092224121
0.1115264893
0.1003723145
0.1229248047
0.1561584473
0.1426086426
0.1383209229
0.1635131836
0.1598358154
0.1495513916
0.1639251709
0.1844482422
0.1577148438
0.1571807861
0.1861114502
0.1832122803
0.1591644287
0.1745300293
0.1748962402
0.1525878906
0.1434326172
0.1662597656
0.1477813721
0.1269073486
0.1556549072
0.1551361084
0.1405639648
0.1372680664
0.1574554443
0.1473999023
0.1278686523
0.1525268555
0.1468200684
0.1201019287
0.1220397949
0.1377716064
0.1271362305
0.1409149170
0.1319122314
0.1284790039
0.1090087891
0.1261444092
0.1399383545
0.1161346436
0.1217498779
0.1393127441
0.1347656250
0.1163940430
0.1481933594
0.1487731934
0.1322326660
0.1305389404
0.1587524414
0.1419372559
0.1275329590
0.1577301025
0.1511230469
0.1180114746
0.1243591309
0.1584167480
0.1217956543
0.1181945801
0.1583557129
0.1290130615
0.1189880371
0.1702575684
0.0881652832
0.0843963623
0.1527404785
0.2002410889
0.2288360596
0.2085723877
0.1428833008
0.1748199463
0.1794281006
0.1597290039
0.2266998291
0.1892700195
0.2276000977
0.2490081787
0.2656250000
0.2742767334
0.2559204102
0.2036285400
0.1278228760
-0.0604705811
0.0261230469
-0.0308685303
-0.0172119141
0.0343933105
-0.0792846680
-0.0083770752
-0.1031188965
-0.0061187744
0.0442657471
0.0966491699
0.2200317383
0.1302490234
0.1423492432
0.0015869141
0.0078430176
0.0633850098
0.1147155762
0.0613708496
0.0484008789
0.1297607422
0.1265563965
0.0260467529
-0.0029144287
-0.0662536621
-0.0626068115
-0.0847625732
-0.1036834717
-0.0775451660
-0.0765991211
-0.0481719971
-0.0125122070
-0.0484619141
-0.0179901123
-0.0336608887
-0.0423278809
-0.0326995850
-0.0507049561
-0.0062561035
-0.0440521240
-0.0172271729
-0.0493316650
-0.0500946045
-0.0477447510
-0.1082611084
-0.0427398682
-0.0952758789
0.0621795654
0.0009460449
-0.0577392578
-0.0080261230
-0.1275634766
0.0133056641
-0.0694427490
-0.0559082031
-0.0367126465
-0.1099700928
0.0317382812
-0.0651702881
0.0479736328
-0.0122833252
-0.0643463135
0.0209655762
-0.1118164062
0.0170745850
-0.0501861572
-0.0133209229
0.0410919189
-0.0126037598
0.0853271484
-0.0001220703
0.0278930664
0.0395660400
-0.0371246338
0.0538940430
-0.0200042725
0.0366821289
0.0709838867
0.0412139893
0.0927886963
0.0473022461
0.0046386719
0.0885314941
-0.0254821777
0.0650329590
0.0761413574
-0.0044097900
0.1050415039
0.0513153076
0.0529632568
0.1036376953
0.0363769531
0.0220184326
0.0603027344
0.0195922852
0.0509643555
0.0723571777
0.1014099121
0.0718383789
0.1159820557
0.0999908447
0.0945739746
0.1309356689
0.1377410889
0.1011810303
0.1360931396
0.1445159912
0.1421203613
0.1528625488
0.1764373779
0.1098480225
0.1179046631
0.1295623779
0.1226654053
