-0.0847930908
-0.0978240967
0.0096588135
0.0703582764
0.0437774658
0.1370697021
0.0234832764
-0.0638885498
0.1059722900
-0.1413421631
-0.0227813721
0.1069030762
0.1224975586
-0.0536956787
0.0806121826
0.0013275146
0.1214904785
-0.0440521240
-0.1522216797
-0.0515441895
-0.0756530762
-0.0790863037
0.3405609131
0.1523742676
-0.1242980957
-0.0862884521
-0.1717224121
0.0429229736
0.1693572998
0.1042633057
0.1309967041
-0.0911712646
-0.2787780762
-0.1290435791
0.1606445312
0.1509246826
0.3215942383
0.2203979492
-0.0873260498
-0.1558074951
-0.2887725830
-0.1415710449
-0.0097808838
0.0199432373
0.1899871826
0.1063842773
-0.0661926270
0.0582427979
-0.0406799316
-0.0750732422
-0.0515747070
-0.0311584473
-0.0208129883
0.0599365234
-0.0453491211
0.1027221680
0.0679321289
-0.0536956787
-0.2077178955
0.0294799805
0.0922851562
0.2174530029
0.1052551270
-0.1984405518
-0.1256103516
-0.0562133789
-0.0779876709
0.1992187500
0.2732543945
-0.0464019775
-0.0974884033
-0.0817565918
-0.1098785400
0.1396331787
-0.1092529297
-0.2102355957
0.0190124512
0.0691375732
0.1932220459
0.1206970215
-0.0624542236
-0.1536712646
-0.2226562500
-0.1312103271
-0.0494842529
0.2352294922
0.0918426514
-0.1387329102
-0.1395416260
0.0095977783
0.2731781006
0.0066070557
-0.2178344727
-0.0721435547
0.0043334961
-0.0323028564
-0.0036315918
0.0872802734
-0.1334686279
0.0367431641
0.0136260986
-0.0411071777
0.0190124512
0.0303497314
0.0273742676
0.1797485352
-0.1074523926
-0.0347290039
0.0673675537
-0.1743316650
0.0011444092
0.1547546387
-0.0100097656
0.0408782959
-0.0037231445
-0.1211700439
0.0705871582
0.0200653076
-0.0057525635
0.1898345947
0.0004730225
-0.1151275635
0.0142669678
-0.0314178467
0.1779174805
0.2397613525
-0.0480804443
-0.1121673584
-0.2151184082
-0.2330627441
0.2164916992
0.3677673340
0.0498046875
-0.1845550537
-0.2768402100
-0.0907440186
0.1639862061
-0.0113220215
0.2731628418
0.1718292236
-0.2988739014
-0.2934417725
-0.1025238037
0.1194610596
0.3204193115
0.0298919678
-0.1088562012
-0.1128082275
-0.0595855713
0.0629425049
0.3645629883
0.0098571777
-0.2608947754
0.0289611816
0.0334930420
0.3321228027
-0.0175476074
0.0093841553
-0.1581420898
-0.0903015137
0.0691070557
0.0783386230
0.1181488037
0.1738739014
0.0809783936
-0.1537475586
-0.0335693359
0.0552368164
0.1670684814
-0.0281829834
-0.1264953613
0.0606994629
0.0595092773
-0.0000305176
0.3607330322
0.0804748535
0.0197906494
-0.1478881836
-0.1320800781
0.0991821289
0.1326904297
0.1484680176
0.1792297363
-0.1226501465
-0.1058197021
0.1232910156
0.1293640137
0.1623535156
0.1569671631
-0.2459106445
-0.1393127441
-0.0204467773
0.2266998291
0.4266204834
0.0678405762
-0.1425018311
-0.1564788818
0.0099945068
0.4067230225
0.1851196289
-0.0119781494
-0.1943969727
-0.1058197021
0.1556549072
0.1885528564
0.1782226562
0.1871185303
-0.0807800293
-0.1188201904
-0.0011444092
0.0720825195
0.1597290039
0.0773315430
-0.0748291016
-0.0077514648
0.0063171387
0.0722503662
0.1365051270
0.1257629395
0.1234588623
-0.0738677979
-0.2041625977
0.0447387695
0.1431121826
0.1770324707
-0.0115356445
0.0700225830
-0.1325378418
-0.1610260010
0.1349182129
0.1959686279
-0.0174713135
0.1318206787
-0.0814361572
-0.0085754395
-0.0163574219
0.0595397949
0.0337829590
0.0282592773
-0.1208038330
0.1217193604
-0.0058593750
0.1752319336
0.0223083496
0.0315399170
0.2541046143
0.1363677979
0.0463714600
-0.0771484375
-0.2377166748
0.0891571045
0.1165924072
0.1863861084
0.0077667236
-0.0911560059
-0.0397949219
0.0853729248
0.3518981934
0.1894989014
-0.1163024902
-0.0823974609
-0.0990447998
0.1485443115
0.2595672607
0.0124359131
-0.0191345215
-0.1138763428
0.1092987061
0.2965850830
0.1423492432
0.1507110596
-0.2147674561
-0.1980895996
0.1478118896
0.0464630127
0.0615539551
-0.0312042236
-0.2115631104
0.0634307861
0.0572509766
0.2326049805
0.1159515381
0.0823974609
0.0530700684
-0.1308135986
0.0261383057
-0.0062408447
-0.1249694824
-0.0616302490
0.1226501465
0.1969757080
-0.0164642334
-0.1567993164
-0.0282287598
0.0279541016
0.1365966797
-0.0690917969
-0.1303863525
0.0803680420
0.0341339111
-0.0582733154
-0.0198669434
-0.0655975342
0.0770263672
0.1031951904
0.1400756836
0.0290985107
0.0615234375
-0.0726165771
-0.2347717285
0.0140686035
0.0067443848
0.1404113770
0.2194519043
-0.0921325684
-0.1148529053
-0.1499786377
0.0377655029
0.1683044434
0.0748443604
-0.0535125732
-0.0216674805
-0.1737823486
0.0155487061
0.1776428223
0.2462768555
-0.0537719727
-0.1216125488
-0.2273406982
-0.1053619385
0.3065795898
0.1316680908
0.1092834473
-0.1449127197
-0.1156616211
0.0341644287
0.1665802002
0.1426086426
0.0230865479
-0.0743255615
0.0669250488
-0.1113433838
0.2089080811
0.1197967529
-0.1767730713
0.0366973877
0.0912628174
0.3184204102
0.0257568359
0.0403594971
0.2001342773
0.0361938477
-0.0398406982
-0.1043701172
0.2621612549
0.2163848877
0.1496429443
-0.0668334961
-0.1520080566
-0.0613861084
0.2197875977
0.1843566895
0.2938079834
0.0868072510
0.1234283447
-0.2144775391
-0.2798919678
-0.0049133301
0.2258605957
0.0587921143
0.0652160645
0.1336517334
-0.0338745117
0.0234069824
-0.0325317383
-0.2131042480
-0.0939483643
0.1135101318
0.0207977295
0.1118927002
0.2044067383
0.0666961670
-0.0563659668
-0.1102447510
0.1532592773
0.2744750977
-0.0320892334
0.0500640869
0.0976257324
-0.0904083252
-0.0053253174
0.1069641113
-0.0886688232
0.0173339844
-0.0375823975
0.0918884277
0.1041412354
-0.1149139404
0.2142181396
0.0777587891
-0.0224609375
-0.2087402344
0.0171356201
0.2279205322
0.1931762695
0.0904693604
-0.0400848389
-0.0596466064
0.1401214600
0.0813903809
0.1596984863
0.1203155518
0.0385894775
0.0874481201
0.0426483154
0.2549133301
-0.0085601807
0.0272674561
0.0976715088
0.1802825928
0.2156066895
0.1893005371
0.0408782959
-0.0459136963
-0.0414428711
0.2152252197
0.2932434082
0.3501281738
0.2112274170
0.0729217529
-0.2535552979
-0.0619659424
0.0287322998
0.4097747803
0.3856048584
0.3875579834
-0.0012664795
-0.1828460693
-0.0317230225
0.2955932617
0.3672790527
0.1900177002
0.0596008301
-0.0535888672
-0.0793762207
0.2077941895
0.0727081299
0.0014343262
0.0687713623
0.3116607666
0.1818084717
-0.0148925781
-0.0929565430
-0.0333404541
0.0091247559
0.0176239014
0.3087005615
0.2088165283
-0.0277557373
0.0363311768
0.0236511230
0.0297851562
0.2177581787
0.2028350830
0.2598876953
0.0960388184
-0.0288543701
-0.1319885254
0.0220336914
0.0143890381
0.3367919922
0.2127380371
0.1596679688
0.0613555908
0.1288909912
0.0472717285
0.0178527832
0.0945587158
0.2955322266
-0.0266418457
0.1852569580
0.1786804199
0.1922912598
0.2110290527
-0.1341705322
-0.0376586914
0.0811462402
0.1575469971
0.1540985107
0.2346496582
0.0666503906
0.0639953613
0.0247650146
-0.0377349854
0.0660400391
0.2012481689
0.1648101807
0.1051635742
0.0009460449
0.1440887451
0.2099151611
0.0086975098
0.0019226074
-0.0202178955
0.0257415771
0.2114410400
0.3816833496
0.2269287109
-0.0161132812
-0.0841827393
-0.1551666260
-0.0847930908
0.2293701172
0.3408508301
0.1316375732
0.0709991455
0.0582122803
0.0598907471
0.1500091553
-0.0018768311
0.1305999756
-0.0550689697
0.0821228027
0.2036437988
0.1119079590
0.0121612549
0.0769500732
0.0705413818
0.0718078613
-0.0958251953
0.1187438965
0.1530609131
0.1307983398
0.0571441650
-0.1876220703
-0.2263488770
0.1428375244
0.3201293945
0.3919372559
0.1266479492
0.0352478027
-0.1916351318
-0.2226562500
0.2584686279
0.1928253174
0.1635589600
0.1289215088
-0.0825042725
-0.0794830322
0.1170349121
0.1385192871
0.0691223145
-0.0792694092
0.0015106201
0.0930328369
0.1269378662
0.1927642822
0.1201629639
-0.0481262207
0.1398468018
0.0252227783
-0.1030273438
0.0039520264
-0.0100250244
0.1553649902
0.2190856934
0.0436706543
0.1398468018
-0.0495147705
0.0290374756
0.0767517090
-0.0304718018
-0.0187225342
0.1102600098
0.1964874268
0.1316528320
0.0214233398
0.0199279785
0.0508728027
0.1825866699
0.0281066895
0.0162811279
0.0429229736
0.0844421387
0.1661529541
0.2149658203
-0.0089416504
0.0132904053
0.0397949219
0.0067749023
0.1772003174
0.1285705566
-0.0091552734
0.0386505127
-0.0854187012
0.1237182617
0.1396179199
0.2597503662
0.1393432617
-0.0798492432
-0.0036773682
0.1407775879
-0.0451660156
0.2066192627
0.2977600098
0.1111755371
-0.0427398682
0.0312652588
0.1012268066
0.1684570312
0.1354064941
0.2931518555
-0.0296020508
-0.1829528809
-0.0960388184
0.1734313965
0.3306579590
0.2319946289
0.0957489014
-0.0439147949
-0.1284790039
0.0733337402
0.3214721680
0.1913452148
0.2083892822
0.0103759766
-0.1510314941
0.1661987305
0.2295227051
0.3516845703
0.2303009033
-0.1273040771
0.0066528320
0.1116180420
0.1528930664
0.2708587646
0.2132110596
0.0200042725
0.1129302979
-0.1317749023
0.1727294922
0.0540161133
0.2158050537
0.1145629883
0.0168914795
-0.0932922363
0.0646209717
0.3356018066
0.2845153809
-0.0453338623
-0.1958923340
-0.0564270020
0.3080902100
0.3363037109
0.2230682373
0.0233612061
-0.0360870361
-0.0382385254
0.0187377930
-0.0333099365
0.1461944580
0.2024383545
0.0236358643
0.0202789307
0.1530303955
0.1168212891
0.0215148926
0.0006866455
0.0594177246
0.0648193359
0.0648956299
0.1535797119
0.1047973633
-0.0459289551
-0.0597686768
-0.0067138672
0.1427001953
0.2470550537
0.0710144043
0.1469268799
-0.0808258057
0.0699615479
-0.0241699219
0.0974884033
0.2035064697
0.0917816162
0.0637969971
0.0474853516
0.1132965088
0.0593414307
0.2052917480
0.2271423340
0.0431060791
-0.1711883545
-0.0790557861
0.0775909424
0.3034210205
0.3094635010
0.1862030029
-0.0459289551
-0.1190643311
-0.1042785645
0.1442565918
0.1305694580
0.2118988037
0.0735321045
-0.0872039795
0.0240783691
0.1074523926
0.1177520752
0.1329956055
0.1550903320
-0.0116882324
0.1242370605
0.0850982666
0.1282501221
0.1615600586
-0.0426788330
-0.0770721436
-0.0032043457
0.3097381592
0.1624450684
0.0518493652
0.0527954102
0.0050354004
0.0840301514
-0.0174560547
0.0205383301
0.0680694580
0.0021209717
0.1459960938
0.2622985840
0.1958160400
0.0821838379
-0.0366668701
0.0615386963
0.2607879639
-0.0074005127
0.1061553955
0.0226287842
0.0458984375
0.0021514893
0.1999206543
0.2261505127
0.2363891602
-0.0262756348
-0.0356903076
0.1138458252
0.0299530029
0.0926971436
0.0763549805
0.1913909912
0.1190795898
-0.0881805420
0.0168609619
0.1034698486
0.2132110596
0.1483917236
0.1218414307
0.0838623047
0.0393676758
0.1377410889
-0.0286254883
0.0670471191
0.1356353760
0.2787628174
0.1424102783
0.0233917236
-0.2070007324
0.0479583740
0.2029571533
0.3269195557
0.2996520996
0.0781555176
0.0181884766
-0.0577545166
0.0583648682
0.2439575195
0.1635589600
0.2501678467
0.2431793213
0.1663513184
0.1882781982
0.1643524170
0.0326538086
-0.0681762695
0.1172027588
0.2414398193
0.2275085449
0.1889801025
0.0955352783
-0.0638885498
0.0044403076
-0.0650482178
0.0366210938
0.3443298340
0.1177673340
0.0936279297
0.0029449463
0.0215606689
0.0208740234
0.0028686523
0.0897064209
0.1229400635
0.0599212646
0.2339782715
0.0673217773
-0.0522766113
-0.0960388184
0.0884857178
0.3299102783
0.2113342285
0.0879974365
0.1492309570
0.0317230225
0.0909118652
-0.0387268066
0.1366577148
0.2728271484
0.2447814941
0.0348205566
-0.0565948486
-0.0900421143
0.1302947998
0.1293182373
0.1176147461
0.2132873535
0.0370788574
-0.0892028809
0.1101837158
0.0056610107
0.0510711670
0.2109680176
0.1874237061
0.2448883057
-0.0153503418
-0.1366882324
0.0908966064
0.1861267090
0.1186676025
0.1061706543
0.1499481201
-0.0618743896
-0.1650238037
0.1220703125
0.1357421875
0.0046234131
0.1744384766
0.2568511963
0.0121917725
-0.0840911865
0.0921936035
0.1887512207
0.0043640137
-0.1417999268
0.0579223633
0.3402252197
0.3284759521
0.0543060303
0.0904998779
0.0697174072
0.0474243164
0.2553863525
0.2349700928
0.1307678223
0.0611267090
0.2584075928
0.2058410645
-0.0377960205
-0.1335449219
0.0939483643
0.1222534180
0.1131286621
0.2872161865
0.2008819580
0.0379791260
-0.1163024902
-0.1018066406
0.0691680908
0.1882629395
0.2211914062
0.3001556396
-0.0521697998
-0.0365905762
0.1438446045
0.0847015381
0.1649780273
0.1411743164
0.2894439697
-0.0001068115
-0.1175689697
0.1970520020
0.0746917725
0.1029510498
0.1076202393
0.0938720703
0.3161163330
0.0396575928
0.0918273926
0.0728607178
0.0865783691
-0.1395568848
-0.0038757324
0.2208862305
0.3869476318
0.2576599121
0.1078033447
-0.0795135498
0.1371459961
0.1125183105
0.0932464600
0.1576843262
0.1284790039
0.0357513428
0.1820983887
0.3266906738
0.1593780518
0.0261535645
-0.0703277588
0.0595855713
0.2420959473
0.1749725342
0.2283020020
0.0049133301
-0.1316528320
-0.0118255615
0.1484069824
0.3140869141
0.1524505615
0.0405426025
-0.1110839844
-0.1039581299
0.1102447510
0.1777343750
0.0179901123
-0.0349426270
0.0709533691
0.0358428955
0.0162658691
-0.0329437256
0.0995635986
0.2567138672
0.0311431885
0.0606536865
0.1527557373
-0.0167388916
0.0066223145
0.0994415283
0.1112518311
0.1356048584
-0.0103302002
0.0611267090
0.1278991699
-0.0609893799
0.1650543213
0.1772003174
0.1013183594
0.0092468262
0.0684051514
0.0046386719
0.1559295654
0.1545867920
0.2102355957
0.0740661621
-0.1098175049
0.1285552979
0.2597961426
0.1557769775
0.0049285889
-0.1358184814
-0.0406341553
0.1521911621
0.0869750977
0.1013336182
0.1538543701
0.1066741943
0.1082763672
0.0301361084
0.0741271973
0.1208038330
-0.0518798828
0.1095428467
-0.0650024414
0.0129241943
0.1889038086
0.1334991455
0.0564575195
0.2506408691
0.0258178711
-0.0991363525
-0.0682373047
0.0235900879
0.1766357422
0.3309631348
0.2248840332
0.0290069580
-0.2339782715
0.0498352051
0.2443389893
0.0835418701
0.0908203125
0.1661224365
-0.0227508545
0.1426239014
0.0878448486
-0.0260925293
0.2145233154
0.1340942383
-0.0866241455
0.1187896729
0.0604553223
0.1229705811
0.1095886230
0.0319061279
0.1323852539
0.1402893066
-0.0828094482
0.0173645020
0.0138397217
0.1488647461
0.2329559326
-0.0508575439
-0.0231170654
0.0848846436
-0.2120819092
0.1193847656
0.3160095215
0.1851043701
0.1883239746
-0.0804138184
-0.0290832520
0.2324066162
0.1811218262
0.1244049072
0.0878601074
-0.0961456299
0.1183471680
0.1825256348
-0.0222320557
0.0665130615
0.0856933594
-0.0495300293
0.0842590332
-0.0213012695
0.0616302490
0.2973785400
0.2410125732
-0.0336761475
-0.0856170654
-0.1783294678
0.1589965820
0.2287292480
0.0853881836
0.1284484863
0.0010070801
-0.0820922852
0.1095123291
0.0937957764
0.2052917480
0.1417388916
-0.0931701660
-0.0600433350
0.1196899414
0.0253906250
0.0877838135
0.0481262207
0.0859680176
0.1371917725
0.0430755615
-0.0286865234
0.1049652100
0.0504608154
0.1575317383
0.1174163818
0.0439147949
0.0724334717
0.1124572754
0.1804962158
0.1134338379
0.0436096191
0.0751647949
0.1584472656
0.0783081055
-0.0068664551
0.0826110840
0.2218475342
0.1514282227
0.0610656738
0.0821838379
0.2054748535
0.1742706299
-0.0698089600
0.0460510254
0.2739868164
0.1885223389
0.1542053223
0.1307067871
0.0269470215
0.1218109131
0.0580596924
0.1581573486
0.2489624023
0.0937500000
-0.1438140869
-0.0467224121
0.1937866211
0.2539520264
0.1974182129
0.0519561768
0.0395812988
0.0633392334
-0.0186614990
-0.0332336426
0.1232910156
-0.1003265381
0.1879272461
0.1352691650
0.1807403564
0.0880889893
0.1135559082
0.0693359375
0.0891876221
-0.0641937256
0.0456695557
0.1952362061
0.0999603271
0.1501770020
0.2107086182
0.0486755371
0.0896759033
0.0588226318
0.2319946289
0.1870117188
-0.1395874023
-0.1665802002
0.1887969971
0.1233215332
0.0790100098
-0.0075225830
-0.0748596191
0.0944824219
0.2647399902
0.1282653809
0.0076293945
-0.1155853271
-0.1390380859
0.0714111328
0.1951141357
0.1150970459
0.1416778564
-0.1246185303
-0.2333831787
0.0402069092
0.2430267334
0.1844024658
0.0168914795
-0.0659484863
-0.1219940186
0.0391998291
0.0250091553
0.1483306885
0.1627807617
0.0672149658
0.0642242432
-0.0620422363
-0.0848846436
0.1828765869
0.1386871338
0.0347595215
0.1810760498
-0.0044708252
-0.0020751953
0.0441741943
0.0126190186
0.1273498535
0.2879180908
0.0818939209
-0.0188446045
-0.0083770752
-0.1687164307
0.0926513672
0.2710876465
0.1588745117
0.1069946289
-0.0821838379
-0.1048278809
0.2826232910
0.0888366699
-0.0315399170
-0.0246734619
-0.2168273926
0.0873107910
0.3327484131
0.1551055908
0.0824279785
-0.0584259033
-0.1221618652
0.2621154785
0.1013336182
-0.0770874023
-0.2266845703
-0.0379791260
0.0738830566
0.2010345459
0.0318908691
0.1160278320
-0.0644226074
-0.2517852783
0.0384216309
0.1495819092
-0.0394592285
0.0658569336
-0.0068969727
-0.1385650635
0.2846527100
0.1920013428
0.0726318359
-0.1363372803
-0.1441650391
0.0739746094
0.1946868896
0.1015472412
0.0665588379
-0.1801757812
-0.1062927246
0.2401275635
0.2188568115
0.0362091064
0.0159606934
-0.2044219971
-0.1280059814
0.1149291992
0.2165679932
0.1206054688
-0.0828704834
-0.0524139404
0.1196746826
-0.0388946533
-0.0185699463
-0.0054626465
-0.1092681885
0.0819091797
0.0058746338
-0.1636199951
0.0722503662
-0.0775604248
-0.0131683350
0.0721282959
-0.1724700928
0.0887145996
-0.0323181152
-0.0662841797
0.0205230713
-0.1650238037
0.0805816650
0.0671234131
-0.0736389160
-0.0090179443
0.0261688232
0.0251617432
0.0558929443
-0.0973815918
-0.1298065186
-0.1031494141
0.0321197510
0.1191253662
0.0644836426
-0.0105285645
0.0010833740
-0.1811981201
0.1613006592
-0.0749206543
-0.2672576904
-0.0465087891
-0.0005187988
0.1873321533
0.0782165527
-0.0416870117
-0.1001129150
-0.2566833496
-0.1825103760
0.1578063965
0.1518402100
0.2270050049
0.0389862061
-0.3513488770
-0.0192718506
-0.0421142578
0.0937957764
-0.0219268799
-0.1505126953
-0.0213012695
0.0766601562
-0.0801849365
0.0470428467
-0.0264282227
0.1380004883
-0.2106628418
-0.0364532471
-0.0988922119
-0.1398773193
0.1391143799
0.0949554443
-0.0506286621
-0.0983581543
-0.2030029297
0.0120697021
-0.0089111328
0.0585632324
0.0051727295
-0.2048492432
0.0555267334
-0.1475372314
0.0819549561
0.1462554932
-0.0556945801
0.0234069824
-0.1183319092
0.1038970947
-0.0268707275
-0.0229492188
0.2361907959
-0.0553283691
-0.1270294189
-0.2817077637
-0.0501251221
0.2223205566
0.1976928711
0.0987243652
-0.2400207520
-0.2621459961
-0.1212005615
0.0093383789
0.2658538818
0.0572204590
-0.0032653809
-0.2088470459
-0.0879364014
-0.0772399902
0.0866699219
0.2586975098
0.0966339111
-0.1459350586
-0.0766448975
0.0485839844
0.0025329590
-0.0162200928
0.1815185547
-0.0196533203
-0.0676574707
-0.1564025879
-0.0637512207
0.1024322510
0.0812683105
0.0469512939
-0.0993194580
-0.1695709229
0.1264495850
-0.0185089111
0.1264343262
-0.0130767822
0.0837554932
-0.0190429688
0.0186309814
0.0569610596
0.0539245605
-0.0005340576
-0.0019683838
0.0129699707
-0.0216369629
-0.0442504883
0.0688476562
0.0193939209
0.0340728760
0.1003417969
-0.1632843018
-0.2292938232
-0.0234832764
0.2144927979
0.1624755859
-0.0072479248
-0.1588439941
-0.2009582520
0.0649414062
0.2032012939
-0.1333465576
-0.2375183105
-0.1332397461
0.2884063721
0.1202697754
-0.0757598877
-0.0605773926
-0.1243438721
0.0046386719
0.1967163086
0.0292510986
0.0190887451
-0.0589141846
-0.0462799072
0.0281982422
0.0830841064
-0.0314636230
-0.0994415283
0.0187835693
0.1118469238
0.0848846436
-0.0119476318
-0.1276245117
-0.0032653809
-0.0431518555
0.1454010010
0.0598144531
0.1387023926
-0.0114898682
0.0148010254
-0.0397949219
-0.0062408447
0.1502838135
0.1308135986
-0.0105133057
-0.0701904297
-0.0294494629
0.1415252686
0.0477142334
-0.0543975830
0.0726165771
-0.0782775879
0.0233154297
-0.0286712646
0.1316070557
-0.1169738770
0.0051422119
-0.0026855469
0.0478363037
-0.0628204346
-0.0036773682
-0.0513610840
-0.0325469971
0.0314025879
0.1694488525
-0.0691223145
-0.0689086914
-0.0422210693
-0.1831970215
0.0123596191
0.1961517334
0.0213775635
-0.1065063477
-0.3013000488
-0.0367889404
0.1184844971
-0.0653839111
-0.1367797852
0.0272064209
-0.1486053467
0.0645599365
-0.0014801025
-0.0867767334
0.0122985840
-0.2709808350
-0.1987609863
0.0734252930
0.1983184814
0.1651153564
-0.0414123535
-0.1611328125
-0.0707550049
0.0333709717
0.2287292480
0.0169525146
0.1270599365
-0.1921081543
-0.1200408936
0.1702423096
0.0785064697
-0.1052093506
0.1637268066
-0.1514282227
-0.0827941895
0.2163238525
0.0973663330
-0.0155487061
-0.0048217773
-0.0697631836
0.1401214600
0.0068206787
0.1021118164
0.1745300293
0.0938262939
0.0384063721
-0.0818176270
0.1039581299
-0.0111083984
0.0945281982
0.1670684814
-0.0918579102
0.0704498291
0.1942443848
0.1428833008
0.0031890869
-0.1015777588
-0.1000823975
0.1714172363
0.1820831299
0.1903381348
0.1157073975
-0.1887359619
-0.1084899902
0.0961456299
0.0617370605
0.0550994873
-0.0384521484
-0.1611175537
0.0150756836
0.2131958008
0.0244598389
0.0229644775
-0.0374755859
0.0252380371
-0.1346588135
-0.1339874268
0.1205444336
0.1843261719
-0.0261535645
0.0269775391
-0.1206359863
0.0657806396
0.0654144287
0.1555328369
0.2128753662
-0.0274200439
-0.2826538086
0.1036529541
0.2443847656
0.0173187256
-0.1662292480
0.0973815918
0.2885437012
0.1704101562
-0.0181579590
0.0311737061
0.1083984375
0.1041870117
-0.0546722412
0.1306457520
0.0588684082
-0.0200805664
-0.0495452881
0.0955963135
0.0770416260
0.1705627441
0.0501403809
-0.0936889648
-0.3685455322
0.0841064453
0.3732452393
0.2830047607
0.1623382568
-0.1582183838
-0.1372985840
0.0705108643
0.2729949951
0.0434112549
0.0769348145
0.1361236572
0.0009918213
-0.0161132812
0.2547454834
0.1150207520
-0.1113433838
-0.2148284912
0.1081390381
0.2032928467
0.1463623047
-0.0220642090
-0.0798492432
-0.1366577148
0.1655578613
0.1284484863
0.0774688721
0.0918579102
-0.1892089844
0.0137329102
-0.0036621094
-0.1501159668
0.2493896484
0.3152313232
0.1737823486
-0.0703887939
-0.1552124023
0.0071868896
0.3049774170
0.1840057373
0.1030273438
-0.0566253662
-0.2266693115
0.0199279785
0.1469116211
0.0820007324
0.1419372559
0.0918579102
0.0091247559
-0.1525115967
0.1420745850
0.2582244873
0.1925506592
0.0967407227
-0.1104125977
0.0532836914
0.2990570068
0.0919189453
-0.0750885010
-0.0239868164
0.2054748535
0.1381072998
0.0345611572
0.0830078125
-0.0849761963
0.0873413086
0.3161621094
-0.0055999756
-0.1539306641
0.0565948486
0.1089477539
0.2154998779
0.0371246338
-0.0004730225
-0.1157226562
0.1249389648
0.0950775146
0.0869750977
0.0036621094
-0.0090484619
-0.0517425537
-0.0337066650
0.0571289062
0.1805267334
0.1422119141
-0.0792999268
-0.1579895020
0.0629272461
0.2244415283
0.0498657227
0.0665740967
-0.0131378174
-0.1219329834
-0.0961456299
0.3010253906
0.3528594971
-0.0657653809
-0.0310516357
0.0722656250
-0.0738372803
0.0113525391
0.3319549561
0.2083129883
-0.0878601074
-0.1240386963
0.1091156006
0.1331024170
0.0083312988
0.0353851318
0.2356262207
0.1643676758
0.0136871338
-0.0532531738
-0.0037231445
0.0316162109
0.1207275391
0.2919769287
0.0584411621
-0.0112152100
0.0408325195
-0.0393218994
0.1133270264
0.0844421387
0.0910034180
0.0064239502
0.1789550781
0.1239776611
0.0562744141
0.1125030518
0.0919342041
0.1441650391
0.0143585205
0.0526885986
0.0016021729
0.1224670410
0.1744079590
-0.0372009277
-0.1203460693
0.1801910400
-0.0115966797
-0.0837860107
-0.0083007812
-0.0492858887
0.0671691895
0.1883850098
-0.0005645752
-0.0938568115
-0.0770111084
0.1793823242
0.2153930664
0.1464996338
0.1379089355
0.1492309570
-0.1460418701
-0.1205139160
0.1774902344
0.3090515137
0.2542724609
0.0558319092
-0.0767822266
0.0489044189
0.1302032471
0.1116333008
0.0384368896
0.0446624756
0.1154174805
0.1418762207
0.0545043945
-0.1133270264
0.0391693115
0.0803222656
0.0476379395
0.0165557861
0.1346435547
0.0189056396
-0.1122131348
-0.0776062012
0.1117248535
0.0852661133
0.1585845947
-0.0599212646
-0.1904449463
0.0723266602
0.0792999268
0.1072998047
0.1328430176
-0.0671539307
-0.0755920410
0.0846557617
0.0959014893
0.1636199951
0.0113220215
0.0486297607
0.1324615479
-0.1098327637
-0.0227050781
0.1275482178
0.1257781982
0.0284423828
0.0682830811
-0.0067596436
-0.1469421387
-0.1062316895
0.1549987793
0.0296783447
-0.0323333740
0.1011962891
0.0172424316
0.0594787598
0.1100006104
0.2565307617
0.0018920898
-0.0278778076
0.1135711670
0.1528930664
0.1962738037
0.2537231445
0.1430969238
0.1746215820
0.0771636963
0.1457824707
0.2397003174
0.2156372070
0.1247253418
0.2514190674
-0.0548553467
0.2248077393
0.3895721436
0.2326049805
0.1491241455
0.0141906738
-0.0673370361
0.1277923584
0.1828155518
0.2312011719
0.0548400879
-0.0495147705
-0.0952301025
0.1641082764
0.0856781006
0.0835418701
-0.0028533936
0.0046386719
0.0496063232
0.0252838135
-0.0248718262
0.0244750977
0.0177001953
0.0078430176
-0.0040588379
0.0299224854
0.0250244141
0.0136260986
0.0533599854
0.0678863525
0.0061035156
0.1350402832
0.1314849854
0.1188354492
-0.1047058105
-0.1198425293
0.1531829834
0.1084136963
0.1126251221
0.0444488525
0.0177764893
0.0780792236
0.0145721436
0.0300445557
0.2178955078
0.1136779785
0.0030822754
0.0140380859
0.0316772461
0.2283782959
0.2593536377
0.0969696045
-0.0066375732
0.0227050781
0.0292205811
0.1417999268
0.1414184570
0.1446838379
0.0403442383
-0.0599060059
0.0861663818
0.1873474121
0.2566070557
0.0027008057
-0.0948944092
-0.0304107666
0.0294494629
0.1743621826
0.2021484375
0.0196990967
-0.0004425049
0.1717681885
-0.0022430420
0.0877838135
0.0311279297
0.1574096680
0.0579376221
0.1130676270
0.1391143799
0.0568237305
0.1530303955
0.1404266357
0.2084503174
0.0090179443
-0.1261596680
-0.0468902588
0.1716308594
0.3011016846
0.3183135986
0.0667572021
-0.0161132812
0.0316162109
0.1656188965
0.2053527832
0.2391662598
0.0615234375
-0.1609649658
0.0009765625
0.3479156494
0.2915191650
0.2229766846
0.1512603760
0.0543670654
0.1399383545
0.1978759766
0.2337799072
0.2483367920
0.2357025146
0.0956878662
0.3078308105
0.1519470215
0.2531738281
0.2567749023
0.0362243652
0.2414855957
0.2273254395
0.2063903809
0.1342468262
0.1428375244
0.0723724365
0.1001129150
0.1333160400
0.0626220703
-0.0553894043
0.1216735840
0.1945648193
-0.0896301270
-0.0367126465
0.1696777344
0.0589141846
0.0524139404
0.0484771729
0.0591430664
0.1011352539
-0.0872192383
-0.0605010986
0.1615600586
0.2234344482
0.2345123291
0.2059478760
-0.1409606934
0.0117645264
0.1553039551
0.0368957520
-0.0857696533
0.0539093018
0.0522918701
0.0824890137
0.2250061035
0.1352386475
0.1362762451
0.0567169189
0.0316009521
0.0498352051
0.2288665771
0.1694030762
0.0451812744
-0.0655517578
0.0787811279
0.1186676025
0.0583648682
0.2159423828
0.0890045166
0.0352935791
-0.0328826904
0.1456756592
0.1854095459
0.2214202881
0.0377502441
-0.0252838135
0.0361938477
0.3062591553
0.2982940674
0.1045989990
-0.1277923584
-0.0439453125
0.0426788330
0.4182434082
0.3442382812
0.1909942627
-0.0426635742
0.0030822754
0.1891937256
0.2402038574
0.2156372070
0.0867614746
-0.0521545410
0.1944274902
0.1420898438
0.1829071045
0.2889251709
0.0133666992
-0.0284881592
0.2639007568
0.2253417969
0.2158355713
0.0787811279
0.0130920410
0.2369232178
0.4680633545
0.2796325684
0.2047271729
-0.1119842529
-0.0367126465
0.3499145508
0.2366027832
0.0412750244
0.0031280518
0.0687103271
0.2349395752
-0.0208892822
0.0017089844
0.2355346680
0.1394805908
-0.0778503418
0.1551361084
0.2286987305
0.2149353027
0.0025939941
-0.1160888672
0.0773010254
0.2405242920
0.2203369141
0.0239715576
-0.0836944580
0.0755767822
0.1533050537
0.1178436279
0.0691986084
-0.0181274414
0.0525665283
0.1631774902
0.2381744385
0.0829010010
0.0873107910
0.0779418945
0.0914001465
0.0066070557
0.0641632080
0.0757904053
-0.0220489502
0.0458679199
0.1898193359
0.2732849121
0.0443572998
-0.0478057861
-0.0923004150
0.0590820312
0.2605590820
0.2429809570
0.1827239990
-0.0774383545
-0.2000274658
0.1828155518
0.3984832764
0.2810211182
0.0246734619
-0.1950073242
-0.0694580078
0.3455657959
0.2160949707
0.0729675293
-0.0113372803
-0.1251831055
0.2311248779
0.3103942871
-0.0208740234
0.0215911865
-0.0122985840
0.0133819580
0.1512908936
0.1035308838
-0.0103454590
0.0288696289
-0.0258178711
-0.0791473389
0.0923614502
0.2032623291
0.1181945801
-0.0515289307
-0.1168518066
-0.1401824951
0.2316131592
0.2272796631
0.2090606689
0.0356750488
-0.0573883057
0.0190887451
0.2598114014
0.1692657471
-0.0100402832
0.1421051025
0.0297546387
-0.0421142578
0.0379333496
0.1719360352
0.1357727051
-0.0166473389
-0.0468902588
0.0023498535
0.0973663330
0.1345672607
0.1771545410
-0.0104370117
-0.0027160645
-0.0101470947
0.0772094727
0.1921539307
0.0649108887
-0.0004730225
0.1233978271
0.1120452881
-0.0045318604
0.0325927734
0.1700897217
0.0131530762
0.1352844238
0.2014007568
-0.1197509766
-0.0652313232
0.1100158691
0.0757751465
0.1784667969
0.2015380859
0.0823059082
-0.0078125000
0.0027160645
0.1452789307
0.1699371338
0.1285552979
0.1636352539
0.1435089111
0.0513610840
0.1664123535
0.1975097656
0.0043334961
0.0047454834
0.1197662354
0.1452789307
0.1873626709
0.2078552246
0.0496978760
-0.0437469482
-0.0510101318
0.1017913818
0.2484283447
-0.0147247314
-0.0138092041
-0.0797729492
0.0467834473
0.0076751709
0.0385131836
0.0670776367
0.0718078613
0.2498474121
0.0471954346
-0.0384521484
0.0021514893
0.1747283936
0.1376190186
0.0549316406
0.1582489014
0.1953735352
0.0746002197
0.2165527344
0.2021179199
0.1989440918
0.1567382812
0.1067657471
0.0447845459
0.0786285400
0.0596618652
0.1869506836
0.1736145020
0.2395782471
0.1169586182
0.0613708496
0.0588378906
0.1415405273
0.1446075439
0.1145629883
0.0264739990
0.2049560547
0.2669982910
0.1771392822
0.1110687256
0.0109405518
0.0303649902
0.1319732666
0.1133575439
0.2848510742
0.1202392578
0.0492706299
0.0503997803
0.0832214355
0.1173858643
0.2341461182
0.1695098877
0.1413269043
0.1386108398
0.0462646484
-0.0350189209
0.0499725342
0.1851654053
0.1587371826
0.2360687256
0.0131835938
-0.0211334229
0.1561431885
0.2699890137
0.1743774414
0.0703582764
-0.0272216797
0.1858215332
0.2880859375
0.2820281982
0.0938568115
-0.0047607422
-0.1078338623
0.0673828125
0.2556457520
0.1537628174
0.1287841797
0.1187286377
0.0010223389
-0.0267791748
0.2619018555
0.1214447021
0.0709228516
0.0642700195
-0.1074066162
0.0519409180
0.1809692383
0.1237945557
0.0419006348
0.0371093750
0.2077331543
0.0175628662
-0.0504760742
0.1404876709
0.1834411621
0.1503143311
0.0997314453
0.0332946777
0.2096862793
0.2088775635
0.0097656250
0.0192871094
0.0359344482
-0.0016632080
0.1508331299
0.2452697754
0.0953369141
0.1800842285
0.0415344238
-0.0393981934
0.0143737793
0.1910858154
0.1322326660
-0.0137023926
-0.0028686523
0.0601654053
0.0784606934
0.1406250000
0.1156311035
0.0228576660
0.0477905273
0.0747528076
0.2063293457
0.1505737305
0.1571350098
0.0107269287
-0.0319213867
0.1289062500
0.0894317627
0.1177368164
0.0980682373
0.1540069580
0.1876373291
0.0196838379
0.0678710938
-0.0460205078
-0.0848846436
0.1376647949
0.2810668945
0.2153472900
0.0245361328
-0.0611419678
-0.1709136963
-0.0376129150
0.1539916992
0.2884216309
0.0832672119
-0.0545654297
-0.1329040527
-0.0061340332
0.2031860352
0.1623687744
-0.0194091797
-0.0808258057
0.0640563965
0.0713806152
0.0282897949
0.1112213135
0.0550689697
0.0931091309
0.1327972412
0.0925598145
-0.1055755615
-0.0812835693
0.0619506836
0.1238708496
0.0729522705
0.0351104736
0.1586761475
0.1448822021
0.1773071289
0.1106109619
0.0715332031
0.0305633545
-0.1506652832
0.1183471680
0.0881652832
-0.0286712646
0.0749511719
-0.0268554688
0.2153930664
0.1021728516
0.1147003174
0.1028289795
-0.0534057617
-0.0965423584
-0.0031890869
0.1860504150
0.1868286133
0.0402221680
0.0198974609
-0.0422668457
0.1281127930
0.2744598389
0.3007202148
0.1876220703
0.0311737061
-0.0689849854
0.1334228516
0.1526184082
0.0127868652
0.0399322510
0.2475891113
0.2301788330
0.1135711670
0.0462799072
-0.0009460449
0.0353546143
-0.0168457031
0.1701507568
0.1753234863
-0.0651092529
-0.0840606689
0.0470733643
0.0402526855
0.0504760742
0.0702056885
0.0833740234
-0.0000915527
0.0033721924
-0.1100616455
-0.0495300293
0.0935211182
0.1006317139
0.0754699707
-0.0473937988
-0.0082550049
0.0375518799
0.0428924561
0.0941467285
0.1503143311
0.1011810303
-0.0654602051
0.0112152100
0.1951599121
0.1464538574
0.1257019043
0.0440216064
-0.0278015137
0.0667114258
0.0599060059
0.1945190430
0.0711975098
0.1338806152
0.0891418457
0.1106567383
0.1373291016
0.0485076904
0.1217956543
0.0252685547
0.0552978516
0.0829315186
0.0696411133
0.2530364990
0.1553649902
0.2209777832
0.1815795898
0.2040405273
0.1808166504
0.1467895508
0.0487823486
0.0032653809
0.0408935547
0.1547698975
0.0943756104
0.0247497559
-0.0846862793
-0.0890502930
0.0491180420
0.0656738281
0.0341339111
-0.0079040527
-0.0202331543
0.0419464111
0.0516510010
0.1118927002
0.1359863281
0.1159667969
0.0674896240
0.1263580322
0.1210479736
0.1231079102
0.1524505615
0.0596160889
0.0561218262
0.0776214600
0.0368652344
-0.0036163330
-0.0088958740
-0.0624542236
-0.0360717773
-0.0804138184
-0.0490417480
-0.0666656494
-0.0246582031
-0.0383300781
-0.0937957764
-0.0740814209
-0.0619812012
-0.0258789062
-0.0315093994
0.0359191895
0.0117187500
0.0008087158
0.0998840332
0.0655670166
0.1040039062
0.0713958740
0.1174621582
0.1400604248
0.1224517822
0.1804962158
0.1749725342
0.1585235596
0.2110290527
0.1437835693
0.1880493164
0.0839080811
0.0611267090
0.0935668945
0.0844573975
0.1362304688
0.0782165527
0.0315856934
0.0029602051
-0.0347442627
0.0376129150
0.1125640869
0.1912231445
0.1662597656
0.0448455811
0.0318450928
0.0939483643
0.2390136719
0.1550750732
0.1302337646
0.1159820557